DVLD11KT127CC_ED;0424;0204;0;0;0264;1;0;1;10; ;9703;0582;0021;0103;0;DIVINOPOLIS_2;0219;1;0;1;0;15;0;0
DVLD11KT143SC_ED;0225;0222;1;0;0223;1;0;0;15; ;9703;0582;0021;0101;0;DIVINOPOLIS_2;0232;1;1;1;0;0;0;0
DVLD11KT1A_ED;0102;0250;0;0;0202;0;0;0;15; ;9703;0582;0021;0101;0;DIVINOPOLIS_2;0218;1;1;1;0;0;0;0
DVLD11KT1F_ED;0102;0250;0;0;0203;0;0;0;15; ;9703;0582;0021;0101;0;DIVINOPOLIS_2;0217;1;1;1;0;0;0;0
DVLD11KT1MCC_ED;0425;0204;0;0;0264;1;0;1;00; ;9703;0582;0021;0103;0;DIVINOPOLIS_2;0220;1;0;1;0;15;0;0
DVLD12KT227CC_ED;0424;0204;0;0;0264;1;0;1;10; ;0983;0582;0021;0103;0;DIVINOPOLIS_2;0271;1;0;1;0;15;0;0
DVLD12KT243SC_ED;0225;0222;1;0;0223;1;0;0;15; ;0983;0582;0021;0101;0;DIVINOPOLIS_2;0302;1;1;1;0;0;0;0
DVLD12KT2A_ED;0102;0250;0;0;0202;0;0;0;15; ;0983;0582;0021;0101;0;DIVINOPOLIS_2;0270;1;1;1;0;0;0;0
DVLD12KT2F_ED;0102;0250;0;0;0203;0;0;0;15; ;0983;0582;0021;0101;0;DIVINOPOLIS_2;0269;1;1;1;0;0;0;0
DVLD12KT2MCC_ED;0425;0204;0;0;0264;1;0;1;00; ;0983;0582;0021;0103;0;DIVINOPOLIS_2;0272;1;0;1;0;15;0;0
DVLD1C27_ED;0856;0204;0;0;0207;1;0;1;15; ;0974;0582;0021;0102;0;DIVINOPOLIS_2;0043;1;0;1;0;0;0;0
DVLD1C59_ED;0180;0204;0;0;0207;1;0;1;10; ;0974;0582;0021;0102;0;DIVINOPOLIS_2;0044;1;0;1;0;15;0;0
DVLD1C61F_ED;0215;0204;0;0;0232;1;0;1;10; ;0974;0582;0021;0103;0;DIVINOPOLIS_2;0050;1;0;1;0;0;0;0
DVLD1C61_ED;0215;0204;0;0;0207;1;0;1;15; ;0974;0582;0021;0102;0;DIVINOPOLIS_2;0046;1;0;1;0;0;0;0
DVLD1C86_ED;0164;0204;0;0;0207;1;0;1;10; ;0974;0582;0021;0102;0;DIVINOPOLIS_2;0045;1;0;1;0;0;0;0
DVLD1C90FI_ED;2658;0204;0;0;0207;1;0;1;00; ;0974;0582;0021;0103;0;DIVINOPOLIS_2;0051;1;0;1;0;0;0;0
DVLD1C90_ED;0134;0318;1;0;0317;1;0;0;15; ;0974;0582;0021;0102;0;DIVINOPOLIS_2;0047;1;0;1;0;0;0;0
DVLD1K43SC_ED;0225;0222;1;0;0223;1;0;0;15; ;0983;0582;0021;0101;0;DIVINOPOLIS_2;0006;1;1;1;0;0;0;0
DVLD1K43T_ED;0227;0204;0;0;0233;1;0;1;15; ;0983;0582;0021;0101;0;DIVINOPOLIS_2;0007;1;0;1;0;0;0;0
DVLD1K94CC_ED;0383;0204;0;0;0264;1;0;1;00; ;0983;0582;0021;0103;0;DIVINOPOLIS_2;0008;1;0;1;0;15;0;0
DVLD1T26T_ED;0120;0204;0;0;0207;1;0;1;00; ;9703;0582;0021;0103;0;DIVINOPOLIS_2;0242;1;0;1;0;0;0;0
DVLD1T26_ED;0111;0204;0;0;0207;1;0;1;10; ;9703;0582;0021;0103;0;DIVINOPOLIS_2;0241;1;0;1;0;0;0;0
DVLD1T43MCIC_ED;0225;0250;0;0;0252;1;0;1;15; ;9703;0582;0021;0101;0;DIVINOPOLIS_2;0266;1;0;1;0;0;0;0
DVLD1T43MCII_ED;0225;0250;0;0;0248;1;0;1;15; ;9703;0582;0021;0101;0;DIVINOPOLIS_2;0267;1;0;1;0;0;0;0
DVLD1T43MCIM_ED;0225;0250;0;0;0249;1;0;1;15; ;9703;0582;0021;0101;0;DIVINOPOLIS_2;0265;1;0;1;0;0;0;0
DVLD1T43SC_ED;0225;0222;1;0;0223;1;0;0;15; ;9703;0582;0021;0101;0;DIVINOPOLIS_2;0231;1;1;1;0;0;0;0
DVLD1T49T_ED;0121;0204;0;0;0207;1;0;1;00; ;9703;0582;0021;0103;0;DIVINOPOLIS_2;0244;1;0;1;0;0;0;0
DVLD1T49_ED;0112;0204;0;0;0207;1;0;1;10; ;9703;0582;0021;0103;0;DIVINOPOLIS_2;0243;1;0;1;0;0;0;0
DVLD1T63CT_ED;0124;0204;0;0;0207;1;0;1;00; ;9703;0582;0021;0103;0;DIVINOPOLIS_2;0228;1;0;1;0;0;0;0
DVLD1T63T_ED;0118;0204;0;0;0207;1;0;1;00; ;9703;0582;0021;0103;0;DIVINOPOLIS_2;0227;1;0;1;0;0;0;0
DVLD1T63VT_ED;0125;0204;0;0;0207;1;0;1;00; ;9703;0582;0021;0103;0;DIVINOPOLIS_2;0229;1;0;1;0;0;0;0
DVLD1T63_ED;0117;0204;0;0;0207;1;0;1;00; ;9703;0582;0021;0103;0;DIVINOPOLIS_2;0226;1;0;1;0;0;0;0
DVLD1T69D_ED;0237;0317;1;0;0318;1;0;0;15; ;9703;0582;0021;0101;0;DIVINOPOLIS_2;0225;1;0;1;0;0;0;0
DVLD1T69N_ED;0162;0213;0;0;0214;1;0;1;15; ;9703;0582;0021;0101;0;DIVINOPOLIS_2;0262;1;0;1;0;0;0;0
DVLD1T71C_ED;0122;0204;0;0;0300;1;0;1;00; ;9703;0582;0021;0103;0;DIVINOPOLIS_2;0224;1;0;1;0;0;0;0
DVLD1T71_ED;0114;0204;0;0;0300;1;0;1;00; ;9703;0582;0021;0103;0;DIVINOPOLIS_2;0223;1;0;1;0;0;0;0
DVLD1T86CC_ED;0245;0204;0;0;0264;1;0;1;00; ;9703;0582;0021;0103;0;DIVINOPOLIS_2;0222;1;0;1;0;15;0;0
DVLD1T86_ED;0164;0204;0;0;0207;1;0;1;00; ;9703;0582;0021;0102;0;DIVINOPOLIS_2;0221;1;0;1;0;0;0;0
DVLD1T8751AT_ED;0428;0204;0;0;0207;1;0;1;15; ;9703;0582;0021;0102;0;DIVINOPOLIS_2;0250;1;0;1;0;0;0;0
DVLD1T8751BT_ED;0428;0204;0;0;0207;1;0;1;15; ;9703;0582;0021;0102;0;DIVINOPOLIS_2;0251;1;0;1;0;0;0;0
DVLD1T87AZ_ED;0178;0204;0;0;0207;1;0;1;15; ;9703;0582;0021;0102;0;DIVINOPOLIS_2;0253;1;0;1;0;0;0;0
DVLD1T87BR_ED;0178;0204;0;0;0207;1;0;1;15; ;9703;0582;0021;0102;0;DIVINOPOLIS_2;0254;1;0;1;0;0;0;0
DVLD1T87FI_ED;0825;0207;1;0;0204;0;0;1;00; ;9703;0582;0021;0103;0;DIVINOPOLIS_2;0248;1;0;1;0;0;0;0
DVLD1T87VM_ED;0178;0204;0;0;0207;1;0;1;15; ;9703;0582;0021;0102;0;DIVINOPOLIS_2;0252;1;0;1;0;0;0;0
DVLD1T90_ED;0134;0318;1;0;0317;1;0;0;15; ;9703;0582;0021;0102;0;DIVINOPOLIS_2;0263;1;0;1;0;0;0;0
DVLD1TAD_ED;0108;0390;1;0;0389;1;0;0;15; ;9703;0582;0021;0101;0;DIVINOPOLIS_2;0268;1;0;1;0;0;0;0
DVLD1TDISC_ED;0139;0204;0;0;0207;1;0;1;10; ;9703;0582;0021;0103;0;DIVINOPOLIS_2;0264;1;0;1;0;0;0;0
DVLD1TVF1_ED;0355;0237;0;0;0236;1;0;1;15; ;9703;0582;0021;0101;0;DIVINOPOLIS_2;0246;1;0;1;0;0;0;0
DVLD1TVF2_ED;0356;0237;0;0;0236;1;0;1;15; ;9703;0582;0021;0101;0;DIVINOPOLIS_2;0247;1;0;1;0;0;0;0
DVLD1TVFD_ED;0116;0204;0;0;0224;1;0;1;10; ;9703;0582;0021;0103;0;DIVINOPOLIS_2;0245;1;0;1;0;15;0;0
DVLD202F027CC_ED;0424;0204;0;0;0264;1;0;1;10; ;9717;0582;0021;0103;0;DIVINOPOLIS_2;0335;1;0;1;0;15;0;0
DVLD202F043SC_ED;0225;0222;1;0;0223;1;0;0;15; ;9717;0583;0021;0101;0;DIVINOPOLIS_2;0334;1;1;1;0;0;0;0
DVLD202F0A_ED;0102;0250;0;0;0202;0;0;0;15; ;9717;0582;0021;0101;0;DIVINOPOLIS_2;0333;1;1;1;0;0;0;0
DVLD202F0F_ED;0102;0250;0;0;0203;0;0;0;15; ;9717;0582;0021;0101;0;DIVINOPOLIS_2;0332;1;1;1;0;0;0;0
DVLD202F0MCC_ED;0425;0204;0;0;0264;1;0;1;00; ;9717;0582;0021;0103;0;DIVINOPOLIS_2;0336;1;0;1;0;15;0;0
DVLD202F43R_ED;0163;0213;0;0;0214;1;0;1;15; ;9717;0583;0021;0101;0;DIVINOPOLIS_2;0282;1;0;1;0;0;0;0
DVLD202F43SC_ED;0225;0222;1;0;0223;1;0;0;15; ;9717;0583;0021;0101;0;DIVINOPOLIS_2;0292;1;1;1;0;0;0;0
DVLD202F4BAT_ED;1952;0204;0;0;0206;1;0;1;00; ;9717;0583;0021;0103;0;DIVINOPOLIS_2;0291;1;0;1;0;60;0;0
DVLD202F4COM_ED;0847;0204;0;0;0232;1;0;1;00; ;9717;0583;0021;0103;0;DIVINOPOLIS_2;0297;1;0;1;0;15;0;0
DVLD202F4FALH_ED;0101;0204;0;0;0232;1;0;1;10; ;9717;0583;0021;0103;0;DIVINOPOLIS_2;0281;1;0;1;0;0;0;0
DVLD202F4RA_ED;0101;0250;0;0;0202;1;0;1;00; ;9717;0583;0021;0101;0;DIVINOPOLIS_2;0280;1;1;1;0;0;0;0
DVLD202F4RFI_ED;2667;0204;0;0;0207;1;0;1;00; ;9717;0583;0021;0103;0;DIVINOPOLIS_2;0296;1;0;1;0;0;0;0
DVLD202F4RF_ED;0101;0250;0;0;0203;1;0;0;12; ;9717;0583;0021;0101;0;DIVINOPOLIS_2;0279;1;1;1;0;0;0;0
DVLD202F4RMPD_ED;0442;0204;0;0;0224;1;0;1;00; ;9717;0583;0021;0103;0;DIVINOPOLIS_2;0554;1;0;1;0;15;0;0
DVLD202F4SR_ED;0464;0223;1;0;0222;1;0;0;15; ;9717;0583;0021;0101;0;DIVINOPOLIS_2;0284;1;0;1;0;0;0;0
DVLD202F69N_ED;0162;0213;0;0;0214;1;0;1;15; ;9717;0583;0021;0101;0;DIVINOPOLIS_2;0283;1;0;1;0;0;0;0
DVLD202FERAC3_ED;0206;0204;0;0;0207;1;0;1;00; ;9717;0583;0021;0001;0;DIVINOPOLIS_2;0294;1;1;1;0;0;0;0
DVLD202FHLINE_ED;1956;0237;1;0;0236;1;0;0;15; ;9717;0583;0021;0101;0;DIVINOPOLIS_2;0285;1;0;1;0;0;0;0
DVLD202FMMFI_ED;2478;0204;0;0;0207;1;0;1;00; ;9717;0583;0021;0103;0;DIVINOPOLIS_2;0295;1;0;1;0;0;0;0
DVLD202FPRAZ_ED;0471;0204;0;0;0207;1;0;1;15; ;9717;0583;0021;0101;0;DIVINOPOLIS_2;0288;1;0;1;0;0;0;0
DVLD202FPRBR_ED;0471;0204;0;0;0207;1;0;1;15; ;9717;0583;0021;0101;0;DIVINOPOLIS_2;0289;1;0;1;0;0;0;0
DVLD202FPRVM_ED;0471;0204;0;0;0207;1;0;1;15; ;9717;0583;0021;0101;0;DIVINOPOLIS_2;0287;1;0;1;0;0;0;0
DVLD203F43R_ED;0163;0213;0;0;0214;1;0;1;15; ;9704;0583;0021;0101;0;DIVINOPOLIS_2;0346;1;0;1;0;0;0;0
DVLD203F43SC_ED;0225;0222;1;0;0223;1;0;0;15; ;9704;0583;0021;0101;0;DIVINOPOLIS_2;0356;1;1;1;0;0;0;0
DVLD203F4BAT_ED;1952;0204;0;0;0206;1;0;1;00; ;9704;0583;0021;0103;0;DIVINOPOLIS_2;0355;1;0;1;0;60;0;0
DVLD203F4COM_ED;0847;0204;0;0;0232;1;0;1;00; ;9704;0583;0021;0103;0;DIVINOPOLIS_2;0361;1;0;1;0;15;0;0
DVLD203F4FALH_ED;0101;0204;0;0;0232;1;0;1;10; ;9704;0583;0021;0103;0;DIVINOPOLIS_2;0345;1;0;1;0;0;0;0
DVLD203F4PT_ED;0162;0204;0;0;0207;1;0;1;15; ;9704;0583;0021;0101;0;DIVINOPOLIS_2;0354;1;0;1;0;0;0;0
DVLD203F4RA_ED;0101;0250;0;0;0202;1;0;1;00; ;9704;0583;0021;0101;0;DIVINOPOLIS_2;0344;1;1;1;0;0;0;0
DVLD203F4RFI_ED;2667;0204;0;0;0207;1;0;1;00; ;9704;0583;0021;0103;0;DIVINOPOLIS_2;0360;1;0;1;0;0;0;0
DVLD203F4RF_ED;0101;0250;0;0;0203;1;0;0;12; ;9704;0583;0021;0101;0;DIVINOPOLIS_2;0343;1;1;1;0;0;0;0
DVLD203F4RMPD_ED;0442;0204;0;0;0224;1;0;1;00; ;9704;0583;0021;0103;0;DIVINOPOLIS_2;0552;1;0;1;0;15;0;0
DVLD203F4SR_ED;0464;0223;1;0;0222;1;0;0;15; ;9704;0583;0021;0101;0;DIVINOPOLIS_2;0348;1;0;1;0;0;0;0
DVLD203F69N_ED;0162;0213;0;0;0214;1;0;1;15; ;9704;0583;0021;0101;0;DIVINOPOLIS_2;0347;1;0;1;0;0;0;0
DVLD203FERAC3_ED;0206;0204;0;0;0207;1;0;1;00; ;9704;0583;0021;0001;0;DIVINOPOLIS_2;0358;1;1;1;0;0;0;0
DVLD203FHLINE_ED;1956;0237;1;0;0236;1;0;0;15; ;9704;0583;0021;0101;0;DIVINOPOLIS_2;0349;1;0;1;0;0;0;0
DVLD203FMMFI_ED;2478;0204;0;0;0207;1;0;1;00; ;9704;0583;0021;0103;0;DIVINOPOLIS_2;0359;1;0;1;0;0;0;0
DVLD203FPERF1_ED;2293;0419;1;0;0204;0;0;0;15; ;9704;0583;0021;0103;0;DIVINOPOLIS_2;0350;1;0;1;0;0;0;0
DVLD203FPRAZ_ED;0471;0204;0;0;0207;1;0;1;15; ;9704;0583;0021;0101;0;DIVINOPOLIS_2;0352;1;0;1;0;0;0;0
DVLD203FPRBR_ED;0471;0204;0;0;0207;1;0;1;15; ;9704;0583;0021;0101;0;DIVINOPOLIS_2;0353;1;0;1;0;0;0;0
DVLD203FPRVM_ED;0471;0204;0;0;0207;1;0;1;15; ;9704;0583;0021;0101;0;DIVINOPOLIS_2;0351;1;0;1;0;0;0;0
DVLD204F43R_ED;0163;0213;0;0;0214;1;0;1;15; ;9705;0583;0021;0101;0;DIVINOPOLIS_2;0365;1;0;1;0;0;0;0
DVLD204F43SC_ED;0225;0222;1;0;0223;1;0;0;15; ;9705;0583;0021;0101;0;DIVINOPOLIS_2;0375;1;1;1;0;0;0;0
DVLD204F4BAT_ED;1952;0204;0;0;0206;1;0;1;00; ;9705;0583;0021;0103;0;DIVINOPOLIS_2;0374;1;0;1;0;60;0;0
DVLD204F4COM_ED;0847;0204;0;0;0232;1;0;1;00; ;9705;0583;0021;0103;0;DIVINOPOLIS_2;0380;1;0;1;0;15;0;0
DVLD204F4FALH_ED;0101;0204;0;0;0232;1;0;1;10; ;9705;0583;0021;0103;0;DIVINOPOLIS_2;0364;1;0;1;0;0;0;0
DVLD204F4PT_ED;0162;0204;0;0;0207;1;0;1;15; ;9705;0583;0021;0101;0;DIVINOPOLIS_2;0373;1;0;1;0;0;0;0
DVLD204F4RA_ED;0101;0250;0;0;0202;1;0;1;00; ;9705;0583;0021;0101;0;DIVINOPOLIS_2;0363;1;1;1;0;0;0;0
DVLD204F4RFI_ED;2667;0204;0;0;0207;1;0;1;00; ;9705;0583;0021;0103;0;DIVINOPOLIS_2;0379;1;0;1;0;0;0;0
DVLD204F4RF_ED;0101;0250;0;0;0203;1;0;0;12; ;9705;0583;0021;0101;0;DIVINOPOLIS_2;0362;1;1;1;0;0;0;0
DVLD204F4RMPD_ED;0442;0204;0;0;0224;1;0;1;00; ;9705;0583;0021;0103;0;DIVINOPOLIS_2;0551;1;0;1;0;15;0;0
DVLD204F4SR_ED;0464;0223;1;0;0222;1;0;0;15; ;9705;0583;0021;0101;0;DIVINOPOLIS_2;0367;1;0;1;0;0;0;0
DVLD204F69N_ED;0162;0213;0;0;0214;1;0;1;15; ;9705;0583;0021;0101;0;DIVINOPOLIS_2;0366;1;0;1;0;0;0;0
DVLD204FERAC3_ED;0206;0204;0;0;0207;1;0;1;00; ;9705;0583;0021;0001;0;DIVINOPOLIS_2;0377;1;1;1;0;0;0;0
DVLD204FHLINE_ED;1956;0237;1;0;0236;1;0;0;15; ;9705;0583;0021;0101;0;DIVINOPOLIS_2;0368;1;0;1;0;0;0;0
DVLD204FMMFI_ED;2478;0204;0;0;0207;1;0;1;00; ;9705;0583;0021;0103;0;DIVINOPOLIS_2;0378;1;0;1;0;0;0;0
DVLD204FPERF1_ED;2293;0419;1;0;0204;0;0;0;15; ;9705;0583;0021;0103;0;DIVINOPOLIS_2;0369;1;0;1;0;0;0;0
DVLD204FPRAZ_ED;0471;0204;0;0;0207;1;0;1;15; ;9705;0583;0021;0101;0;DIVINOPOLIS_2;0371;1;0;1;0;0;0;0
DVLD204FPRBR_ED;0471;0204;0;0;0207;1;0;1;15; ;9705;0583;0021;0101;0;DIVINOPOLIS_2;0372;1;0;1;0;0;0;0
DVLD204FPRVM_ED;0471;0204;0;0;0207;1;0;1;15; ;9705;0583;0021;0101;0;DIVINOPOLIS_2;0370;1;0;1;0;0;0;0
DVLD205F27CCA_ED;0383;0204;0;0;0264;1;0;1;00; ;9706;0582;0021;0103;0;DIVINOPOLIS_2;0235;1;0;1;0;15;0;0
DVLD205F27CCF_ED;0382;0204;0;0;0264;1;0;1;00; ;9706;0582;0021;0103;0;DIVINOPOLIS_2;0236;1;0;1;0;15;0;0
DVLD205F43SC_ED;0225;0222;1;0;0223;1;0;0;15; ;9706;0582;0021;0101;0;DIVINOPOLIS_2;0249;1;1;1;0;0;0;0
DVLD205F43T_ED;0227;0204;0;0;0233;1;0;1;15; ;9706;0582;0021;0101;0;DIVINOPOLIS_2;0240;1;0;1;0;0;0;0
DVLD205F4A_ED;0329;0250;0;0;0202;1;0;1;00; ;9706;0582;0021;0101;0;DIVINOPOLIS_2;0234;1;1;1;0;0;0;0
DVLD205F4F_ED;0329;0250;0;0;0203;1;0;0;12; ;9706;0582;0021;0101;0;DIVINOPOLIS_2;0233;1;1;1;0;0;0;0
DVLD205F4MCC_ED;0426;0204;0;0;0264;1;0;1;00; ;9706;0582;0021;0103;0;DIVINOPOLIS_2;0237;1;0;1;0;15;0;0
DVLD205F50D_ED;1614;0204;0;0;0207;1;0;1;15; ;9706;0582;0021;0103;0;DIVINOPOLIS_2;0261;1;0;1;0;0;0;0
DVLD205F51AZ_ED;0212;0204;0;0;0207;1;0;1;15; ;9706;0582;0021;0102;0;DIVINOPOLIS_2;0257;1;0;1;0;0;0;0
DVLD205F51BR_ED;0212;0204;0;0;0207;1;0;1;15; ;9706;0582;0021;0102;0;DIVINOPOLIS_2;0258;1;0;1;0;0;0;0
DVLD205F51FI_ED;1744;0204;0;0;0207;1;0;1;00; ;9706;0582;0021;0103;0;DIVINOPOLIS_2;0230;1;0;1;0;0;0;0
DVLD205F51G1_ED;0214;0204;0;0;0207;1;0;1;15; ;9706;0582;0021;0102;0;DIVINOPOLIS_2;0259;1;0;1;0;0;0;0
DVLD205F51G2_ED;0214;0204;0;0;0207;1;0;1;15; ;9706;0582;0021;0102;0;DIVINOPOLIS_2;0260;1;0;1;0;0;0;0
DVLD205F51VM_ED;0212;0204;0;0;0207;1;0;1;15; ;9706;0582;0021;0102;0;DIVINOPOLIS_2;0256;1;0;1;0;0;0;0
DVLD205F74BA_ED;0908;0204;0;0;0264;1;0;1;00; ;9706;0582;0021;0103;0;DIVINOPOLIS_2;0238;1;0;1;0;15;0;0
DVLD205F74BF_ED;1118;0204;0;0;0264;1;0;1;00; ;9706;0582;0021;0103;0;DIVINOPOLIS_2;0239;1;0;1;0;15;0;0
DVLD206F43R_ED;0163;0213;0;0;0214;1;0;1;15; ;2769;0583;0021;0101;0;DIVINOPOLIS_2;0384;1;0;1;0;0;0;0
DVLD206F43SC_ED;0225;0222;1;0;0223;1;0;0;15; ;2769;0583;0021;0101;0;DIVINOPOLIS_2;0394;1;1;1;0;0;0;0
DVLD206F4BAT_ED;1952;0204;0;0;0206;1;0;1;00; ;2769;0583;0021;0103;0;DIVINOPOLIS_2;0393;1;0;1;0;60;0;0
DVLD206F4COM_ED;0847;0204;0;0;0232;1;0;1;00; ;2769;0583;0021;0103;0;DIVINOPOLIS_2;0399;1;0;1;0;15;0;0
DVLD206F4FALH_ED;0101;0204;0;0;0232;1;0;1;10; ;2769;0583;0021;0103;0;DIVINOPOLIS_2;0383;1;0;1;0;0;0;0
DVLD206F4PT_ED;0162;0204;0;0;0207;1;0;1;15; ;2769;0583;0021;0101;0;DIVINOPOLIS_2;0392;1;0;1;0;0;0;0
DVLD206F4RA_ED;0101;0250;0;0;0202;1;0;1;00; ;2769;0583;0021;0101;0;DIVINOPOLIS_2;0382;1;1;1;0;0;0;0
DVLD206F4RFI_ED;2667;0204;0;0;0207;1;0;1;00; ;2769;0583;0021;0103;0;DIVINOPOLIS_2;0398;1;0;1;0;0;0;0
DVLD206F4RF_ED;0101;0250;0;0;0203;1;0;0;12; ;2769;0583;0021;0101;0;DIVINOPOLIS_2;0381;1;1;1;0;0;0;0
DVLD206F4RMPD_ED;0442;0204;0;0;0224;1;0;1;00; ;2769;0583;0021;0103;0;DIVINOPOLIS_2;0555;1;0;1;0;15;0;0
DVLD206F4SR_ED;0464;0223;1;0;0222;1;0;0;15; ;2769;0583;0021;0101;0;DIVINOPOLIS_2;0386;1;0;1;0;0;0;0
DVLD206F69N_ED;0162;0213;0;0;0214;1;0;1;15; ;2769;0583;0021;0101;0;DIVINOPOLIS_2;0385;1;0;1;0;0;0;0
DVLD206FERAC2_ED;0322;0204;0;0;0207;1;0;1;00; ;2769;0583;0021;0102;0;DIVINOPOLIS_2;0395;1;0;1;0;0;0;0
DVLD206FERAC3_ED;0323;0204;0;0;0207;1;0;1;00; ;2769;0583;0021;0102;0;DIVINOPOLIS_2;0396;1;0;1;0;0;0;0
DVLD206FHLINE_ED;1956;0237;1;0;0236;1;0;0;15; ;2769;0583;0021;0101;0;DIVINOPOLIS_2;0387;1;0;1;0;0;0;0
DVLD206FMMFI_ED;2478;0204;0;0;0207;1;0;1;00; ;2769;0583;0021;0103;0;DIVINOPOLIS_2;0397;1;0;1;0;0;0;0
DVLD206FPERF1_ED;2293;0419;1;0;0204;1;0;0;15; ;2769;0583;0021;0103;0;DIVINOPOLIS_2;0388;1;0;1;0;0;0;0
DVLD206FPRAZ_ED;0471;0204;0;0;0207;1;0;1;15; ;2769;0583;0021;0101;0;DIVINOPOLIS_2;0390;1;0;1;0;0;0;0
DVLD206FPRBR_ED;0471;0204;0;0;0207;1;0;1;15; ;2769;0583;0021;0101;0;DIVINOPOLIS_2;0391;1;0;1;0;0;0;0
DVLD206FPRVM_ED;0471;0204;0;0;0207;1;0;1;15; ;2769;0583;0021;0101;0;DIVINOPOLIS_2;0389;1;0;1;0;0;0;0
DVLD207F43R_ED;0163;0213;0;0;0214;1;0;1;15; ;4669;0583;0021;0101;0;DIVINOPOLIS_2;0403;1;0;1;0;0;0;0
DVLD207F43SC_ED;0225;0222;1;0;0223;1;0;0;15; ;4669;0583;0021;0101;0;DIVINOPOLIS_2;0413;1;1;1;0;0;0;0
DVLD207F4BAT_ED;1952;0204;0;0;0206;1;0;1;00; ;4669;0583;0021;0103;0;DIVINOPOLIS_2;0412;1;0;1;0;60;0;0
DVLD207F4COM_ED;0847;0204;0;0;0232;1;0;1;00; ;4669;0583;0021;0103;0;DIVINOPOLIS_2;0418;1;0;1;0;15;0;0
DVLD207F4FALH_ED;0101;0204;0;0;0232;1;0;1;10; ;4669;0583;0021;0103;0;DIVINOPOLIS_2;0402;1;0;1;0;0;0;0
DVLD207F4PT_ED;0162;0204;0;0;0207;1;0;1;15; ;4669;0583;0021;0101;0;DIVINOPOLIS_2;0411;1;0;1;0;0;0;0
DVLD207F4RA_ED;0101;0250;0;0;0202;1;0;1;00; ;4669;0583;0021;0101;0;DIVINOPOLIS_2;0401;1;1;1;0;0;0;0
DVLD207F4RFI_ED;2667;0204;0;0;0207;1;0;1;00; ;4669;0583;0021;0103;0;DIVINOPOLIS_2;0417;1;0;1;0;0;0;0
DVLD207F4RF_ED;0101;0250;0;0;0203;1;0;0;12; ;4669;0583;0021;0101;0;DIVINOPOLIS_2;0400;1;1;1;0;0;0;0
DVLD207F4RMPD_ED;0442;0204;0;0;0224;1;0;1;00; ;4669;0583;0021;0103;0;DIVINOPOLIS_2;0544;1;0;1;0;15;0;0
DVLD207F4SR_ED;0464;0223;1;0;0222;1;0;0;15; ;4669;0583;0021;0101;0;DIVINOPOLIS_2;0405;1;0;1;0;0;0;0
DVLD207F69N_ED;0162;0213;0;0;0214;1;0;1;15; ;4669;0583;0021;0101;0;DIVINOPOLIS_2;0404;1;0;1;0;0;0;0
DVLD207FERAC2_ED;0322;0204;0;0;0207;1;0;1;00; ;4669;0583;0021;0102;0;DIVINOPOLIS_2;0414;1;0;1;0;0;0;0
DVLD207FERAC3_ED;0206;0204;0;0;0207;1;0;1;00; ;4669;0583;0021;0001;0;DIVINOPOLIS_2;0415;1;1;1;0;0;0;0
DVLD207FHLINE_ED;1956;0237;1;0;0236;1;0;0;15; ;4669;0583;0021;0101;0;DIVINOPOLIS_2;0406;1;0;1;0;0;0;0
DVLD207FMMFI_ED;2478;0204;0;0;0207;1;0;1;00; ;4669;0583;0021;0103;0;DIVINOPOLIS_2;0416;1;0;1;0;0;0;0
DVLD207FPERF1_ED;2293;0419;1;0;0204;0;0;0;15; ;4669;0583;0021;0103;0;DIVINOPOLIS_2;0407;1;0;1;0;0;0;0
DVLD207FPRAZ_ED;0471;0204;0;0;0207;1;0;1;15; ;4669;0583;0021;0101;0;DIVINOPOLIS_2;0409;1;0;1;0;0;0;0
DVLD207FPRBR_ED;0471;0204;0;0;0207;1;0;1;15; ;4669;0583;0021;0101;0;DIVINOPOLIS_2;0410;1;0;1;0;0;0;0
DVLD207FPRVM_ED;0471;0204;0;0;0207;1;0;1;15; ;4669;0583;0021;0101;0;DIVINOPOLIS_2;0408;1;0;1;0;0;0;0
DVLD208F43R_ED;0163;0213;0;0;0214;1;0;1;15; ;9707;0583;0021;0101;0;DIVINOPOLIS_2;0422;1;0;1;0;0;0;0
DVLD208F43SC_ED;0225;0222;1;0;0223;1;0;0;15; ;9707;0583;0021;0101;0;DIVINOPOLIS_2;0432;1;1;1;0;0;0;0
DVLD208F4BAT_ED;1952;0204;0;0;0206;1;0;1;00; ;9707;0583;0021;0103;0;DIVINOPOLIS_2;0431;1;0;1;0;60;0;0
DVLD208F4COM_ED;0847;0204;0;0;0232;1;0;1;00; ;9707;0583;0021;0103;0;DIVINOPOLIS_2;0437;1;0;1;0;15;0;0
DVLD208F4FALH_ED;0101;0204;0;0;0232;1;0;1;10; ;9707;0583;0021;0103;0;DIVINOPOLIS_2;0421;1;0;1;0;0;0;0
DVLD208F4PT_ED;0162;0204;0;0;0207;1;0;1;15; ;9707;0583;0021;0101;0;DIVINOPOLIS_2;0430;1;0;1;0;0;0;0
DVLD208F4RA_ED;0101;0250;0;0;0202;1;0;1;00; ;9707;0583;0021;0101;0;DIVINOPOLIS_2;0420;1;1;1;0;0;0;0
DVLD208F4RFI_ED;2667;0204;0;0;0207;1;0;1;00; ;9707;0583;0021;0103;0;DIVINOPOLIS_2;0436;1;0;1;0;0;0;0
DVLD208F4RF_ED;0101;0250;0;0;0203;1;0;0;12; ;9707;0583;0021;0101;0;DIVINOPOLIS_2;0419;1;1;1;0;0;0;0
DVLD208F4RMPD_ED;0442;0204;0;0;0224;1;0;1;00; ;9707;0583;0021;0103;0;DIVINOPOLIS_2;0545;1;0;1;0;15;0;0
DVLD208F4SR_ED;0464;0223;1;0;0222;1;0;0;15; ;9707;0583;0021;0101;0;DIVINOPOLIS_2;0424;1;0;1;0;0;0;0
DVLD208F69N_ED;0162;0213;0;0;0214;1;0;1;15; ;9707;0583;0021;0101;0;DIVINOPOLIS_2;0423;1;0;1;0;0;0;0
DVLD208FERAC2_ED;0322;0204;0;0;0207;1;0;1;00; ;9707;0583;0021;0102;0;DIVINOPOLIS_2;0433;1;0;1;0;0;0;0
DVLD208FERAC3_ED;0323;0204;0;0;0207;1;0;1;00; ;9707;0583;0021;0102;0;DIVINOPOLIS_2;0434;1;0;1;0;0;0;0
DVLD208FHLINE_ED;1956;0237;1;0;0236;1;0;0;15; ;9707;0583;0021;0101;0;DIVINOPOLIS_2;0425;1;0;1;0;0;0;0
DVLD208FMMFI_ED;2478;0204;0;0;0207;1;0;1;00; ;9707;0583;0021;0103;0;DIVINOPOLIS_2;0435;1;0;1;0;0;0;0
DVLD208FPERF1_ED;2293;0419;1;0;0204;0;0;0;15; ;9707;0583;0021;0103;0;DIVINOPOLIS_2;0426;1;0;1;0;0;0;0
DVLD208FPRAZ_ED;0471;0204;0;0;0207;1;0;1;15; ;9707;0583;0021;0101;0;DIVINOPOLIS_2;0428;1;0;1;0;0;0;0
DVLD208FPRBR_ED;0471;0204;0;0;0207;1;0;1;15; ;9707;0583;0021;0101;0;DIVINOPOLIS_2;0429;1;0;1;0;0;0;0
DVLD208FPRVM_ED;0471;0204;0;0;0207;1;0;1;15; ;9707;0583;0021;0101;0;DIVINOPOLIS_2;0427;1;0;1;0;0;0;0
DVLD210F43R_ED;0163;0213;0;0;0214;1;0;1;15; ;2771;0583;0021;0101;0;DIVINOPOLIS_2;0441;1;0;1;0;0;0;0
DVLD210F43SC_ED;0225;0222;1;0;0223;1;0;0;15; ;2771;0583;0021;0101;0;DIVINOPOLIS_2;0451;1;1;1;0;0;0;0
DVLD210F4BAT_ED;1952;0204;0;0;0206;1;0;1;00; ;2771;0583;0021;0103;0;DIVINOPOLIS_2;0450;1;0;1;0;60;0;0
DVLD210F4COM_ED;0847;0204;0;0;0232;1;0;1;00; ;2771;0583;0021;0103;0;DIVINOPOLIS_2;0456;1;0;1;0;15;0;0
DVLD210F4FALH_ED;0101;0204;0;0;0232;1;0;1;10; ;2771;0583;0021;0103;0;DIVINOPOLIS_2;0440;1;0;1;0;0;0;0
DVLD210F4PT_ED;0162;0204;0;0;0207;1;0;1;15; ;2771;0583;0021;0101;0;DIVINOPOLIS_2;0449;1;0;1;0;0;0;0
DVLD210F4RA_ED;0101;0250;0;0;0202;1;0;1;00; ;2771;0583;0021;0101;0;DIVINOPOLIS_2;0439;1;1;1;0;0;0;0
DVLD210F4RFI_ED;2667;0204;0;0;0207;1;0;1;00; ;2771;0583;0021;0103;0;DIVINOPOLIS_2;0455;1;0;1;0;0;0;0
DVLD210F4RF_ED;0101;0250;0;0;0203;1;0;0;12; ;2771;0583;0021;0101;0;DIVINOPOLIS_2;0438;1;1;1;0;0;0;0
DVLD210F4RMPD_ED;0442;0204;0;0;0224;1;0;1;00; ;2771;0583;0021;0103;0;DIVINOPOLIS_2;0546;1;0;1;0;15;0;0
DVLD210F4SR_ED;0464;0223;1;0;0222;1;0;0;15; ;2771;0583;0021;0101;0;DIVINOPOLIS_2;0443;1;0;1;0;0;0;0
DVLD210F69N_ED;0162;0213;0;0;0214;1;0;1;15; ;2771;0583;0021;0101;0;DIVINOPOLIS_2;0442;1;0;1;0;0;0;0
DVLD210FERAC2_ED;0322;0204;0;0;0207;1;0;1;00; ;2771;0583;0021;0102;0;DIVINOPOLIS_2;0452;1;0;1;0;0;0;0
DVLD210FERAC3_ED;0323;0204;0;0;0207;1;0;1;00; ;2771;0583;0021;0102;0;DIVINOPOLIS_2;0453;1;0;1;0;0;0;0
DVLD210FHLINE_ED;1956;0237;1;0;0236;1;0;0;15; ;2771;0583;0021;0101;0;DIVINOPOLIS_2;0444;1;0;1;0;0;0;0
DVLD210FMMFI_ED;2478;0204;0;0;0207;1;0;1;00; ;2771;0583;0021;0103;0;DIVINOPOLIS_2;0454;1;0;1;0;0;0;0
DVLD210FPERF1_ED;2293;0419;1;0;0204;0;0;0;15; ;2771;0583;0021;0103;0;DIVINOPOLIS_2;0445;1;0;1;0;0;0;0
DVLD210FPRAZ_ED;0471;0204;0;0;0207;1;0;1;15; ;2771;0583;0021;0101;0;DIVINOPOLIS_2;0447;1;0;1;0;0;0;0
DVLD210FPRBR_ED;0471;0204;0;0;0207;1;0;1;15; ;2771;0583;0021;0101;0;DIVINOPOLIS_2;0448;1;0;1;0;0;0;0
DVLD210FPRVM_ED;0471;0204;0;0;0207;1;0;1;15; ;2771;0583;0021;0101;0;DIVINOPOLIS_2;0446;1;0;1;0;0;0;0
DVLD211F43R_ED;0163;0213;0;0;0214;1;0;1;15; ;2772;0583;0021;0101;0;DIVINOPOLIS_2;0460;1;0;1;0;0;0;0
DVLD211F43SC_ED;0225;0222;1;0;0223;1;0;0;15; ;2772;0583;0021;0101;0;DIVINOPOLIS_2;0470;1;1;1;0;0;0;0
DVLD211F4BAT_ED;1952;0204;0;0;0206;1;0;1;00; ;2772;0583;0021;0103;0;DIVINOPOLIS_2;0469;1;0;1;0;60;0;0
DVLD211F4COM_ED;0847;0204;0;0;0232;1;0;1;00; ;2772;0583;0021;0103;0;DIVINOPOLIS_2;0475;1;0;1;0;15;0;0
DVLD211F4FALH_ED;0101;0204;0;0;0232;1;0;1;10; ;2772;0583;0021;0103;0;DIVINOPOLIS_2;0459;1;0;1;0;0;0;0
DVLD211F4PT_ED;0162;0204;0;0;0207;1;0;1;15; ;2772;0583;0021;0101;0;DIVINOPOLIS_2;0468;1;0;1;0;0;0;0
DVLD211F4RA_ED;0101;0250;0;0;0202;1;0;1;00; ;2772;0583;0021;0101;0;DIVINOPOLIS_2;0458;1;1;1;0;0;0;0
DVLD211F4RFI_ED;2667;0204;0;0;0207;1;0;1;00; ;2772;0583;0021;0103;0;DIVINOPOLIS_2;0474;1;0;1;0;0;0;0
DVLD211F4RF_ED;0101;0250;0;0;0203;1;0;0;12; ;2772;0583;0021;0101;0;DIVINOPOLIS_2;0457;1;1;1;0;0;0;0
DVLD211F4RMPD_ED;0442;0204;0;0;0224;1;0;1;00; ;2772;0583;0021;0103;0;DIVINOPOLIS_2;0547;1;0;1;0;15;0;0
DVLD211F4SR_ED;0464;0223;1;0;0222;1;0;0;15; ;2772;0583;0021;0101;0;DIVINOPOLIS_2;0462;1;0;1;0;0;0;0
DVLD211F69N_ED;0162;0213;0;0;0214;1;0;1;15; ;2772;0583;0021;0101;0;DIVINOPOLIS_2;0461;1;0;1;0;0;0;0
DVLD211FERAC2_ED;0322;0204;0;0;0207;1;0;1;00; ;2772;0583;0021;0102;0;DIVINOPOLIS_2;0471;1;0;1;0;0;0;0
DVLD211FERAC3_ED;0323;0204;0;0;0207;1;0;1;00; ;2772;0583;0021;0102;0;DIVINOPOLIS_2;0472;1;0;1;0;0;0;0
DVLD211FHLINE_ED;1956;0237;1;0;0236;1;0;0;15; ;2772;0583;0021;0101;0;DIVINOPOLIS_2;0463;1;0;1;0;0;0;0
DVLD211FMMFI_ED;2478;0204;0;0;0207;1;0;1;00; ;2772;0583;0021;0103;0;DIVINOPOLIS_2;0473;1;0;1;0;0;0;0
DVLD211FPERF1_ED;2293;0419;1;0;0204;1;0;0;15; ;2772;0583;0021;0103;0;DIVINOPOLIS_2;0464;1;0;1;0;0;0;0
DVLD211FPRAZ_ED;0471;0204;0;0;0207;1;0;1;15; ;2772;0583;0021;0101;0;DIVINOPOLIS_2;0466;1;0;1;0;0;0;0
DVLD211FPRBR_ED;0471;0204;0;0;0207;1;0;1;15; ;2772;0583;0021;0101;0;DIVINOPOLIS_2;0467;1;0;1;0;0;0;0
DVLD211FPRVM_ED;0471;0204;0;0;0207;1;0;1;15; ;2772;0583;0021;0101;0;DIVINOPOLIS_2;0465;1;0;1;0;0;0;0
DVLD212F43R_ED;0163;0213;0;0;0214;1;0;1;15; ;2773;0583;0021;0101;0;DIVINOPOLIS_2;0479;1;0;1;0;0;0;0
DVLD212F43SC_ED;0225;0222;1;0;0223;1;0;0;15; ;2773;0583;0021;0101;0;DIVINOPOLIS_2;0489;1;1;1;0;0;0;0
DVLD212F4BAT_ED;1952;0204;0;0;0206;1;0;1;00; ;2773;0583;0021;0103;0;DIVINOPOLIS_2;0488;1;0;1;0;60;0;0
DVLD212F4COM_ED;0847;0204;0;0;0232;1;0;1;00; ;2773;0583;0021;0103;0;DIVINOPOLIS_2;0494;1;0;1;0;15;0;0
DVLD212F4FALH_ED;0101;0204;0;0;0232;1;0;1;10; ;2773;0583;0021;0103;0;DIVINOPOLIS_2;0478;1;0;1;0;0;0;0
DVLD212F4PT_ED;0162;0204;0;0;0207;1;0;1;15; ;2773;0583;0021;0101;0;DIVINOPOLIS_2;0487;1;0;1;0;0;0;0
DVLD212F4RA_ED;0101;0250;0;0;0202;1;0;1;00; ;2773;0583;0021;0101;0;DIVINOPOLIS_2;0477;1;1;1;0;0;0;0
DVLD212F4RFI_ED;2667;0204;0;0;0207;1;0;1;00; ;2773;0583;0021;0103;0;DIVINOPOLIS_2;0493;1;0;1;0;0;0;0
DVLD212F4RF_ED;0101;0250;0;0;0203;1;0;0;12; ;2773;0583;0021;0101;0;DIVINOPOLIS_2;0476;1;1;1;0;0;0;0
DVLD212F4RMPD_ED;0442;0204;0;0;0224;1;0;1;00; ;2773;0583;0021;0103;0;DIVINOPOLIS_2;0548;1;0;1;0;15;0;0
DVLD212F4SR_ED;0464;0223;1;0;0222;1;0;0;15; ;2773;0583;0021;0101;0;DIVINOPOLIS_2;0481;1;0;1;0;0;0;0
DVLD212F69N_ED;0162;0213;0;0;0214;1;0;1;15; ;2773;0583;0021;0101;0;DIVINOPOLIS_2;0480;1;0;1;0;0;0;0
DVLD212FERAC2_ED;0322;0204;0;0;0207;1;0;1;00; ;2773;0583;0021;0102;0;DIVINOPOLIS_2;0490;1;0;1;0;0;0;0
DVLD212FERAC3_ED;0323;0204;0;0;0207;1;0;1;00; ;2773;0583;0021;0102;0;DIVINOPOLIS_2;0491;1;0;1;0;0;0;0
DVLD212FHLINE_ED;1956;0237;1;0;0236;1;0;0;15; ;2773;0583;0021;0101;0;DIVINOPOLIS_2;0482;1;0;1;0;0;0;0
DVLD212FMMFI_ED;2478;0204;0;0;0207;1;0;1;00; ;2773;0583;0021;0103;0;DIVINOPOLIS_2;0492;1;0;1;0;0;0;0
DVLD212FPERF1_ED;2293;0419;1;0;0204;0;0;0;15; ;2773;0583;0021;0103;0;DIVINOPOLIS_2;0483;1;0;1;0;0;0;0
DVLD212FPRAZ_ED;0471;0204;0;0;0207;1;0;1;15; ;2773;0583;0021;0101;0;DIVINOPOLIS_2;0485;1;0;1;0;0;0;0
DVLD212FPRBR_ED;0471;0204;0;0;0207;1;0;1;15; ;2773;0583;0021;0101;0;DIVINOPOLIS_2;0486;1;0;1;0;0;0;0
DVLD212FPRVM_ED;0471;0204;0;0;0207;1;0;1;15; ;2773;0583;0021;0101;0;DIVINOPOLIS_2;0484;1;0;1;0;0;0;0
DVLD213F43R_ED;0163;0213;0;0;0214;1;0;1;15; ;2774;0583;0021;0101;0;DIVINOPOLIS_2;0498;1;0;1;0;0;0;0
DVLD213F43SC_ED;0225;0222;1;0;0223;1;0;0;15; ;2774;0583;0021;0101;0;DIVINOPOLIS_2;0508;1;1;1;0;0;0;0
DVLD213F4BAT_ED;1952;0204;0;0;0206;1;0;1;00; ;2774;0583;0021;0103;0;DIVINOPOLIS_2;0507;1;0;1;0;60;0;0
DVLD213F4COM_ED;0847;0204;0;0;0232;1;0;1;00; ;2774;0583;0021;0103;0;DIVINOPOLIS_2;0513;1;0;1;0;15;0;0
DVLD213F4FALH_ED;0101;0204;0;0;0232;1;0;1;10; ;2774;0583;0021;0103;0;DIVINOPOLIS_2;0497;1;0;1;0;0;0;0
DVLD213F4PT_ED;0162;0204;0;0;0207;1;0;1;15; ;2774;0583;0021;0101;0;DIVINOPOLIS_2;0506;1;0;1;0;0;0;0
DVLD213F4RA_ED;0101;0250;0;0;0202;1;0;1;00; ;2774;0583;0021;0101;0;DIVINOPOLIS_2;0496;1;1;1;0;0;0;0
DVLD213F4RFI_ED;2667;0204;0;0;0207;1;0;1;00; ;2774;0583;0021;0103;0;DIVINOPOLIS_2;0512;1;0;1;0;0;0;0
DVLD213F4RF_ED;0101;0250;0;0;0203;1;0;0;12; ;2774;0583;0021;0101;0;DIVINOPOLIS_2;0495;1;1;1;0;0;0;0
DVLD213F4RMPD_ED;0442;0204;0;0;0224;1;0;1;00; ;2774;0583;0021;0103;0;DIVINOPOLIS_2;0549;1;0;1;0;15;0;0
DVLD213F4SR_ED;0464;0223;1;0;0222;1;0;0;15; ;2774;0583;0021;0101;0;DIVINOPOLIS_2;0500;1;0;1;0;0;0;0
DVLD213F69N_ED;0162;0213;0;0;0214;1;0;1;15; ;2774;0583;0021;0101;0;DIVINOPOLIS_2;0499;1;0;1;0;0;0;0
DVLD213FERAC2_ED;0322;0204;0;0;0207;1;0;1;00; ;2774;0583;0021;0102;0;DIVINOPOLIS_2;0509;1;0;1;0;0;0;0
DVLD213FERAC3_ED;0323;0204;0;0;0207;1;0;1;00; ;2774;0583;0021;0102;0;DIVINOPOLIS_2;0510;1;0;1;0;0;0;0
DVLD213FHLINE_ED;1956;0237;1;0;0236;1;0;0;15; ;2774;0583;0021;0101;0;DIVINOPOLIS_2;0501;1;0;1;0;0;0;0
DVLD213FMMFI_ED;2478;0204;0;0;0207;1;0;1;00; ;2774;0583;0021;0103;0;DIVINOPOLIS_2;0511;1;0;1;0;0;0;0
DVLD213FPERF1_ED;2293;0419;1;0;0204;0;0;0;15; ;2774;0583;0021;0103;0;DIVINOPOLIS_2;0502;1;0;1;0;0;0;0
DVLD213FPRAZ_ED;0471;0204;0;0;0207;1;0;1;15; ;2774;0583;0021;0101;0;DIVINOPOLIS_2;0504;1;0;1;0;0;0;0
DVLD213FPRBR_ED;0471;0204;0;0;0207;1;0;1;15; ;2774;0583;0021;0101;0;DIVINOPOLIS_2;0505;1;0;1;0;0;0;0
DVLD213FPRVM_ED;0471;0204;0;0;0207;1;0;1;15; ;2774;0583;0021;0101;0;DIVINOPOLIS_2;0503;1;0;1;0;0;0;0
DVLD214F27CCA_ED;0383;0204;0;0;0264;1;0;1;00; ;2775;0582;0021;0103;0;DIVINOPOLIS_2;0305;1;0;1;0;15;0;0
DVLD214F27CCF_ED;0382;0204;0;0;0264;1;0;1;00; ;2775;0582;0021;0103;0;DIVINOPOLIS_2;0306;1;0;1;0;15;0;0
DVLD214F43SC_ED;0225;0222;1;0;0223;1;0;0;15; ;2775;0582;0021;0101;0;DIVINOPOLIS_2;0318;1;1;1;0;0;0;0
DVLD214F43T_ED;0227;0204;0;0;0233;1;0;1;15; ;2775;0582;0021;0101;0;DIVINOPOLIS_2;0308;1;0;1;0;0;0;0
DVLD214F4A_ED;0329;0250;0;0;0202;1;0;1;00; ;2775;0582;0021;0101;0;DIVINOPOLIS_2;0304;1;1;1;0;0;0;0
DVLD214F4F_ED;0329;0250;0;0;0203;1;0;0;12; ;2775;0582;0021;0101;0;DIVINOPOLIS_2;0303;1;1;1;0;0;0;0
DVLD214F4MCC_ED;0426;0204;0;0;0264;1;0;1;00; ;2775;0582;0021;0103;0;DIVINOPOLIS_2;0307;1;0;1;0;15;0;0
DVLD214F50D_ED;1614;0204;0;0;0207;1;0;1;15; ;2775;0582;0021;0103;0;DIVINOPOLIS_2;0330;1;0;1;0;0;0;0
DVLD214F51AZ_ED;0212;0204;0;0;0207;1;0;1;15; ;2775;0582;0021;0102;0;DIVINOPOLIS_2;0326;1;0;1;0;0;0;0
DVLD214F51BR_ED;0212;0204;0;0;0207;1;0;1;15; ;2775;0582;0021;0102;0;DIVINOPOLIS_2;0327;1;0;1;0;0;0;0
DVLD214F51FI_ED;1744;0204;0;0;0207;1;0;1;00; ;2775;0582;0021;0103;0;DIVINOPOLIS_2;0300;1;0;1;0;0;0;0
DVLD214F51G1_ED;0214;0204;0;0;0207;1;0;1;15; ;2775;0582;0021;0102;0;DIVINOPOLIS_2;0328;1;0;1;0;0;0;0
DVLD214F51G2_ED;0214;0204;0;0;0207;1;0;1;15; ;2775;0582;0021;0102;0;DIVINOPOLIS_2;0329;1;0;1;0;0;0;0
DVLD214F51VM_ED;0212;0204;0;0;0207;1;0;1;15; ;2775;0582;0021;0102;0;DIVINOPOLIS_2;0325;1;0;1;0;0;0;0
DVLD215F43R_ED;0163;0213;0;0;0214;1;0;1;15; ;9708;0583;0021;0101;0;DIVINOPOLIS_2;0517;1;0;1;0;0;0;0
DVLD215F43SC_ED;0225;0222;1;0;0223;1;0;0;15; ;9708;0583;0021;0101;0;DIVINOPOLIS_2;0527;1;1;1;0;0;0;0
DVLD215F4BAT_ED;1952;0204;0;0;0206;1;0;1;00; ;9708;0583;0021;0103;0;DIVINOPOLIS_2;0526;1;0;1;0;60;0;0
DVLD215F4COM_ED;0847;0204;0;0;0232;1;0;1;00; ;9708;0583;0021;0103;0;DIVINOPOLIS_2;0532;1;0;1;0;15;0;0
DVLD215F4FALH_ED;0101;0204;0;0;0232;1;0;1;10; ;9708;0583;0021;0103;0;DIVINOPOLIS_2;0516;1;0;1;0;0;0;0
DVLD215F4PT_ED;0162;0204;0;0;0207;1;0;1;15; ;9708;0583;0021;0101;0;DIVINOPOLIS_2;0525;1;0;1;0;0;0;0
DVLD215F4RA_ED;0101;0250;0;0;0202;1;0;1;00; ;9708;0583;0021;0101;0;DIVINOPOLIS_2;0515;1;1;1;0;0;0;0
DVLD215F4RFI_ED;2667;0204;0;0;0207;1;0;1;00; ;9708;0583;0021;0103;0;DIVINOPOLIS_2;0531;1;0;1;0;0;0;0
DVLD215F4RF_ED;0101;0250;0;0;0203;1;0;0;12; ;9708;0583;0021;0101;0;DIVINOPOLIS_2;0514;1;1;1;0;0;0;0
DVLD215F4RMPD_ED;0442;0204;0;0;0224;1;0;1;00; ;9708;0583;0021;0103;0;DIVINOPOLIS_2;0550;1;0;1;0;15;0;0
DVLD215F4SR_ED;0464;0223;1;0;0222;1;0;0;15; ;9708;0583;0021;0101;0;DIVINOPOLIS_2;0519;1;0;1;0;0;0;0
DVLD215F69N_ED;0162;0213;0;0;0214;1;0;1;15; ;9708;0583;0021;0101;0;DIVINOPOLIS_2;0518;1;0;1;0;0;0;0
DVLD215FERAC2_ED;0322;0204;0;0;0207;1;0;1;00; ;9708;0583;0021;0102;0;DIVINOPOLIS_2;0528;1;0;1;0;0;0;0
DVLD215FERAC3_ED;0323;0204;0;0;0207;1;0;1;00; ;9708;0583;0021;0102;0;DIVINOPOLIS_2;0529;1;0;1;0;0;0;0
DVLD215FHLINE_ED;1956;0237;1;0;0236;1;0;0;15; ;9708;0583;0021;0101;0;DIVINOPOLIS_2;0520;1;0;1;0;0;0;0
DVLD215FMMFI_ED;2478;0204;0;0;0207;1;0;1;00; ;9708;0583;0021;0103;0;DIVINOPOLIS_2;0530;1;0;1;0;0;0;0
DVLD215FPERF1_ED;2293;0419;1;0;0204;0;0;0;15; ;9708;0583;0021;0103;0;DIVINOPOLIS_2;0521;1;0;1;0;0;0;0
DVLD215FPRAZ_ED;0471;0204;0;0;0207;1;0;1;15; ;9708;0583;0021;0101;0;DIVINOPOLIS_2;0523;1;0;1;0;0;0;0
DVLD215FPRBR_ED;0471;0204;0;0;0207;1;0;1;15; ;9708;0583;0021;0101;0;DIVINOPOLIS_2;0524;1;0;1;0;0;0;0
DVLD215FPRVM_ED;0471;0204;0;0;0207;1;0;1;15; ;9708;0583;0021;0101;0;DIVINOPOLIS_2;0522;1;0;1;0;0;0;0
DVLD216F43SC_ED;0225;0222;1;0;0223;1;0;0;15; ;0976;0582;0021;0101;0;DIVINOPOLIS_2;0019;1;1;1;0;0;0;0
DVLD216F4RA_ED;0512;0250;0;0;0202;0;0;0;15; ;0976;0582;0021;0101;0;DIVINOPOLIS_2;0010;1;1;1;0;0;0;0
DVLD216F4RFI_ED;2667;0204;1;0;0207;1;0;0;00; ;0976;0582;0021;0103;0;DIVINOPOLIS_2;0020;1;0;1;0;0;0;0
DVLD216F4RF_ED;0512;0250;0;0;0203;0;0;0;15; ;0976;0582;0021;0101;0;DIVINOPOLIS_2;0009;1;1;1;0;0;0;0
DVLD216F4RPAZ_ED;0450;0204;0;0;0207;1;0;1;15; ;0976;0582;0021;0101;0;DIVINOPOLIS_2;0012;1;0;1;0;0;0;0
DVLD216F4RPBR_ED;0450;0204;0;0;0207;1;0;1;15; ;0976;0582;0021;0101;0;DIVINOPOLIS_2;0013;1;0;1;0;0;0;0
DVLD216F4RPVM_ED;0450;0204;0;0;0207;1;0;1;15; ;0976;0582;0021;0101;0;DIVINOPOLIS_2;0011;1;0;1;0;0;0;0
DVLD217F43SC_ED;0225;0222;1;0;0223;1;0;0;15; ;9702;0582;0021;0101;0;DIVINOPOLIS_2;0033;1;1;1;0;0;0;0
DVLD217F4FALH_ED;0101;0204;0;0;0232;1;0;1;10; ;9702;0582;0021;0103;0;DIVINOPOLIS_2;0037;1;0;1;0;0;0;0
DVLD217F4RA_ED;0512;0250;0;0;0202;0;0;0;15; ;9702;0582;0021;0101;0;DIVINOPOLIS_2;0024;1;1;1;0;0;0;0
DVLD217F4RFI_ED;2667;0204;0;0;0207;1;0;1;00; ;9702;0582;0021;0103;0;DIVINOPOLIS_2;0034;1;0;1;0;0;0;0
DVLD217F4RF_ED;0512;0250;0;0;0203;0;0;0;15; ;9702;0582;0021;0101;0;DIVINOPOLIS_2;0023;1;1;1;0;0;0;0
DVLD217F4RPAZ_ED;0450;0204;0;0;0207;1;0;1;15; ;9702;0582;0021;0101;0;DIVINOPOLIS_2;0026;1;0;1;0;0;0;0
DVLD217F4RPBR_ED;0450;0204;0;0;0207;1;0;1;15; ;9702;0582;0021;0101;0;DIVINOPOLIS_2;0027;1;0;1;0;0;0;0
DVLD217F4RPVM_ED;0450;0204;0;0;0207;1;0;1;15; ;9702;0582;0021;0101;0;DIVINOPOLIS_2;0025;1;0;1;0;0;0;0
DVLD270F43SC_ED;0225;0222;1;0;0223;1;0;0;15; ;0974;0582;0021;0101;0;DIVINOPOLIS_2;0048;1;1;1;0;0;0;0
DVLD270F4FALH_ED;0101;0204;0;0;0232;1;0;1;10; ;0974;0582;0021;0103;0;DIVINOPOLIS_2;0052;1;0;1;0;0;0;0
DVLD270F4RA_ED;0512;0250;0;0;0202;0;0;0;15; ;0974;0582;0021;0101;0;DIVINOPOLIS_2;0039;1;1;1;0;0;0;0
DVLD270F4RFI_ED;2667;0204;0;0;0207;1;0;1;00; ;0974;0582;0021;0103;0;DIVINOPOLIS_2;0049;1;0;1;0;0;0;0
DVLD270F4RF_ED;0512;0250;0;0;0203;0;0;0;15; ;0974;0582;0021;0101;0;DIVINOPOLIS_2;0038;1;1;1;0;0;0;0
DVLD270F4RPAZ_ED;0450;0204;0;0;0207;1;0;1;15; ;0974;0582;0021;0101;0;DIVINOPOLIS_2;0041;1;0;1;0;0;0;0
DVLD270F4RPBR_ED;0450;0204;0;0;0207;1;0;1;15; ;0974;0582;0021;0101;0;DIVINOPOLIS_2;0042;1;0;1;0;0;0;0
DVLD270F4RPVM_ED;0450;0204;0;0;0207;1;0;1;15; ;0974;0582;0021;0101;0;DIVINOPOLIS_2;0040;1;0;1;0;0;0;0
DVLD27CASA_ED;0483;0204;0;0;0264;1;0;1;00; ;0982;0582;0021;0103;0;DIVINOPOLIS_2;0557;1;0;1;0;15;0;0
DVLD27CCSA;0482;0264;1;0;0204;0;0;1;00; ;0982;0582;0021;0108;0;DIVINOPOLIS_2;0190;1;1;1;0;10;0;0
DVLD280F43SC_ED;0225;0222;1;0;0223;1;0;0;15; ;0975;0582;0021;0101;0;DIVINOPOLIS_2;0063;1;1;1;0;0;0;0
DVLD280F4FALH_ED;0101;0204;0;0;0232;1;0;1;10; ;0975;0582;0021;0103;0;DIVINOPOLIS_2;0067;1;0;1;0;0;0;0
DVLD280F4RA_ED;0512;0250;0;0;0202;0;0;0;15; ;0975;0582;0021;0101;0;DIVINOPOLIS_2;0054;1;1;1;0;0;0;0
DVLD280F4RFI_ED;2667;0204;0;0;0207;1;0;1;00; ;0975;0582;0021;0103;0;DIVINOPOLIS_2;0064;1;0;1;0;0;0;0
DVLD280F4RF_ED;0512;0250;0;0;0203;0;0;0;15; ;0975;0582;0021;0101;0;DIVINOPOLIS_2;0053;1;1;1;0;0;0;0
DVLD280F4RPAZ_ED;0450;0204;0;0;0207;1;0;1;15; ;0975;0582;0021;0101;0;DIVINOPOLIS_2;0056;1;0;1;0;0;0;0
DVLD280F4RPBR_ED;0450;0204;0;0;0207;1;0;1;15; ;0975;0582;0021;0101;0;DIVINOPOLIS_2;0057;1;0;1;0;0;0;0
DVLD280F4RPVM_ED;0450;0204;0;0;0207;1;0;1;15; ;0975;0582;0021;0101;0;DIVINOPOLIS_2;0055;1;0;1;0;0;0;0
DVLD2C27_ED;0856;0204;0;0;0207;1;0;1;15; ;0975;0582;0021;0102;0;DIVINOPOLIS_2;0058;1;0;1;0;0;0;0
DVLD2C59_ED;0180;0204;0;0;0207;1;0;1;10; ;0975;0582;0021;0102;0;DIVINOPOLIS_2;0059;1;0;1;0;15;0;0
DVLD2C61F_ED;0215;0204;0;0;0232;1;0;1;10; ;0975;0582;0021;0103;0;DIVINOPOLIS_2;0065;1;0;1;0;0;0;0
DVLD2C61_ED;0215;0204;0;0;0207;1;0;1;15; ;0975;0582;0021;0102;0;DIVINOPOLIS_2;0061;1;0;1;0;0;0;0
DVLD2C86_ED;0164;0204;0;0;0207;1;0;1;10; ;0975;0582;0021;0102;0;DIVINOPOLIS_2;0060;1;0;1;0;0;0;0
DVLD2C90FI_ED;2658;0204;0;0;0207;1;0;1;00; ;0975;0582;0021;0103;0;DIVINOPOLIS_2;0066;1;0;1;0;0;0;0
DVLD2C90_ED;0134;0318;1;0;0317;1;0;0;15; ;0975;0582;0021;0102;0;DIVINOPOLIS_2;0062;1;0;1;0;0;0;0
DVLD2K27CCA1_ED;0383;0204;0;0;0264;1;0;1;00; ;9709;0582;0021;0103;0;DIVINOPOLIS_2;0073;1;0;1;0;15;0;0
DVLD2K27CCA2_ED;0383;0204;0;0;0264;1;0;1;00; ;9709;0582;0021;0103;0;DIVINOPOLIS_2;0074;1;0;1;0;15;0;0
DVLD2K27CCF_ED;0382;0204;0;0;0264;1;0;1;00; ;9709;0582;0021;0103;0;DIVINOPOLIS_2;0075;1;0;1;0;15;0;0
DVLD2K43SC_ED;0225;0222;1;0;0223;1;0;0;15; ;9709;0582;0021;0101;0;DIVINOPOLIS_2;0076;1;1;1;0;0;0;0
DVLD2K4AN_ED;1438;0204;0;0;0207;1;0;1;00; ;9709;0582;0021;0103;0;DIVINOPOLIS_2;0077;1;0;1;0;0;0;0
DVLD2K4A_ED;0100;0250;0;0;0202;1;0;1;00; ;9709;0582;0021;0101;0;DIVINOPOLIS_2;0069;1;1;1;0;0;0;0
DVLD2K4DCH_ED;0506;0204;0;0;0224;1;0;1;10; ;9709;0582;0021;0103;0;DIVINOPOLIS_2;0078;1;0;1;0;15;0;0
DVLD2K4F_ED;0100;0250;0;0;0203;1;0;0;12; ;9709;0582;0021;0101;0;DIVINOPOLIS_2;0068;1;1;1;0;0;0;0
DVLD2K4MCC_ED;0426;0204;0;0;0264;1;0;1;00; ;9709;0582;0021;0103;0;DIVINOPOLIS_2;0070;1;0;1;0;15;0;0
DVLD2K63G1MBD_ED;0174;0204;0;0;0207;1;0;1;00; ;9709;0582;0021;0103;0;DIVINOPOLIS_2;0533;1;0;1;0;0;0;0
DVLD2K63G1_ED;0174;0204;0;0;0206;1;0;1;00; ;9709;0582;0021;0103;0;DIVINOPOLIS_2;0071;1;0;1;0;0;0;0
DVLD2K63G2_ED;2296;0204;0;0;0207;1;0;1;00; ;9709;0582;0021;0103;0;DIVINOPOLIS_2;0072;1;0;1;0;0;0;0
DVLD2T26T_ED;0120;0204;0;0;0207;1;0;1;00; ;0983;0582;0021;0103;0;DIVINOPOLIS_2;0310;1;0;1;0;0;0;0
DVLD2T26_ED;0111;0204;0;0;0207;1;0;1;10; ;0983;0582;0021;0103;0;DIVINOPOLIS_2;0309;1;0;1;0;0;0;0
DVLD2T43SC_ED;0225;0222;1;0;0223;1;0;0;15; ;0983;0582;0021;0101;0;DIVINOPOLIS_2;0301;1;1;1;0;0;0;0
DVLD2T49T_ED;0121;0204;0;0;0207;1;0;1;00; ;0983;0582;0021;0103;0;DIVINOPOLIS_2;0312;1;0;1;0;0;0;0
DVLD2T49_ED;0112;0204;0;0;0207;1;0;1;10; ;0983;0582;0021;0103;0;DIVINOPOLIS_2;0311;1;0;1;0;0;0;0
DVLD2T63CT_ED;0124;0204;0;0;0207;1;0;1;00; ;0983;0582;0021;0103;0;DIVINOPOLIS_2;0299;1;0;1;0;0;0;0
DVLD2T63T_ED;0118;0204;0;0;0207;1;0;1;00; ;0983;0582;0021;0103;0;DIVINOPOLIS_2;0298;1;0;1;0;0;0;0
DVLD2T63_ED;0117;0204;0;0;0207;1;0;1;00; ;0983;0582;0021;0103;0;DIVINOPOLIS_2;0278;1;0;1;0;0;0;0
DVLD2T69D_ED;0237;0317;1;0;0318;1;0;0;15; ;0983;0582;0021;0101;0;DIVINOPOLIS_2;0277;1;0;1;0;0;0;0
DVLD2T69N_ED;0162;0213;0;0;0214;1;0;1;15; ;0983;0582;0021;0101;0;DIVINOPOLIS_2;0331;1;0;1;0;0;0;0
DVLD2T71C_ED;0122;0204;0;0;0300;1;0;1;00; ;0983;0582;0021;0103;0;DIVINOPOLIS_2;0276;1;0;1;0;0;0;0
DVLD2T71_ED;0114;0204;0;0;0300;1;0;1;00; ;0983;0582;0021;0103;0;DIVINOPOLIS_2;0275;1;0;1;0;0;0;0
DVLD2T86CC_ED;0245;0204;0;0;0264;1;0;1;00; ;0983;0582;0021;0103;0;DIVINOPOLIS_2;0274;1;0;1;0;15;0;0
DVLD2T86_ED;0164;0204;0;0;0207;1;0;1;00; ;0983;0582;0021;0102;0;DIVINOPOLIS_2;0273;1;0;1;0;0;0;0
DVLD2T8751AT_ED;0428;0204;0;0;0207;1;0;1;15; ;0983;0582;0021;0102;0;DIVINOPOLIS_2;0319;1;0;1;0;0;0;0
DVLD2T8751BT_ED;0428;0204;0;0;0207;1;0;1;15; ;0983;0582;0021;0102;0;DIVINOPOLIS_2;0320;1;0;1;0;0;0;0
DVLD2T87AZ_ED;0178;0204;0;0;0207;1;0;1;15; ;0983;0582;0021;0102;0;DIVINOPOLIS_2;0322;1;0;1;0;0;0;0
DVLD2T87BR_ED;0178;0204;0;0;0207;1;0;1;15; ;0983;0582;0021;0102;0;DIVINOPOLIS_2;0323;1;0;1;0;0;0;0
DVLD2T87FI_ED;0825;0207;0;0;0204;1;0;1;00; ;0983;0582;0021;0103;0;DIVINOPOLIS_2;0317;1;0;1;0;0;0;0
DVLD2T87N_ED;0168;0204;0;0;0207;1;0;1;15; ;0983;0582;0021;0102;0;DIVINOPOLIS_2;0324;1;0;1;0;0;0;0
DVLD2T87VM_ED;0178;0204;0;0;0207;1;0;1;15; ;0983;0582;0021;0102;0;DIVINOPOLIS_2;0321;1;0;1;0;0;0;0
DVLD2T90_ED;0134;0318;1;0;0317;1;0;0;15; ;0983;0582;0021;0102;0;DIVINOPOLIS_2;0337;1;0;1;0;0;0;0
DVLD2TAD_ED;0108;0390;1;0;0389;1;0;0;15; ;0983;0582;0021;0101;0;DIVINOPOLIS_2;0342;1;0;1;0;0;0;0
DVLD2TCSC27CA_ED;0572;0204;0;0;0264;1;0;1;00; ;0983;0582;0021;0103;0;DIVINOPOLIS_2;0316;1;0;1;0;15;0;0
DVLD2TP1_ED;0189;0220;0;0;0257;0;0;0;15; ;0983;0582;0021;0101;0;DIVINOPOLIS_2;0538;1;1;0;0;0;0;0
DVLD2TP2_ED;0189;0220;0;0;0257;0;0;0;15; ;0983;0582;0021;0101;0;DIVINOPOLIS_2;0539;1;1;0;0;0;0;0
DVLD2TP3_ED;0189;0220;0;0;0257;0;0;0;15; ;0983;0582;0021;0101;0;DIVINOPOLIS_2;0540;1;1;0;0;0;0;0
DVLD2TP4_ED;0189;0220;0;0;0257;0;0;0;15; ;0983;0582;0021;0101;0;DIVINOPOLIS_2;0541;1;1;0;0;0;0;0
DVLD2TP5_ED;0189;0220;0;0;0257;0;0;0;15; ;0983;0582;0021;0101;0;DIVINOPOLIS_2;0542;1;1;0;0;0;0;0
DVLD2TP6_ED;0189;0220;0;0;0257;0;0;0;15; ;0983;0582;0021;0101;0;DIVINOPOLIS_2;0543;1;1;0;0;0;0;0
DVLD2TVF1_ED;0355;0237;0;0;0236;1;0;1;15; ;0983;0582;0021;0101;0;DIVINOPOLIS_2;0314;1;0;1;0;0;0;0
DVLD2TVF2_ED;0356;0237;0;0;0236;1;0;1;15; ;0983;0582;0021;0101;0;DIVINOPOLIS_2;0315;1;0;1;0;0;0;0
DVLD2TVFD_ED;0116;0204;0;0;0224;1;0;1;10; ;0983;0582;0021;0103;0;DIVINOPOLIS_2;0313;1;0;1;0;15;0;0
DVLD3C27_ED;0856;0204;0;0;0207;1;0;1;15; ;0976;0582;0021;0102;0;DIVINOPOLIS_2;0014;1;0;1;0;0;0;0
DVLD3C59_ED;0180;0204;0;0;0207;1;0;1;10; ;0976;0582;0021;0102;0;DIVINOPOLIS_2;0015;1;0;1;0;15;0;0
DVLD3C61F_ED;0215;0204;0;0;0232;1;0;1;10; ;0976;0582;0021;0103;0;DIVINOPOLIS_2;0021;1;0;1;0;0;0;0
DVLD3C61_ED;0215;0204;0;0;0207;1;0;1;15; ;0976;0582;0021;0102;0;DIVINOPOLIS_2;0017;1;0;1;0;0;0;0
DVLD3C86_ED;0164;0204;0;0;0207;1;0;1;10; ;0976;0582;0021;0102;0;DIVINOPOLIS_2;0016;1;0;1;0;0;0;0
DVLD3C90FI_ED;2658;0204;0;0;0207;1;0;1;00; ;0976;0582;0021;0103;0;DIVINOPOLIS_2;0022;1;0;1;0;0;0;0
DVLD3C90_ED;0134;0317;1;0;0318;1;0;0;15; ;0976;0582;0021;0102;0;DIVINOPOLIS_2;0018;1;0;1;0;0;0;0
DVLD3K21AZP_ED;2873;0204;0;0;0207;1;0;1;15; ;0990;0582;0021;0102;0;DIVINOPOLIS_2;0108;1;0;1;0;0;0;0
DVLD3K21AZS_ED;2873;0204;0;0;0207;1;0;1;15; ;0990;0582;0021;0102;0;DIVINOPOLIS_2;0124;1;0;1;0;0;0;0
DVLD3K21BRP_ED;2873;0204;0;0;0207;1;0;1;15; ;0990;0582;0021;0102;0;DIVINOPOLIS_2;0109;1;0;1;0;0;0;0
DVLD3K21BRS_ED;2873;0204;0;0;0207;1;0;1;15; ;0990;0582;0021;0102;0;DIVINOPOLIS_2;0125;1;0;1;0;0;0;0
DVLD3K21P21N_ED;0855;0204;0;0;0207;1;0;1;15; ;0990;0582;0021;0102;0;DIVINOPOLIS_2;0111;1;0;1;0;0;0;0
DVLD3K21P51N_ED;1554;0204;0;0;0207;1;0;1;15; ;0990;0582;0021;0102;0;DIVINOPOLIS_2;0106;1;0;1;0;0;0;0
DVLD3K21P51_ED;0911;0204;0;0;0207;1;0;1;15; ;0990;0582;0021;0102;0;DIVINOPOLIS_2;0105;1;0;1;0;0;0;0
DVLD3K21PFI_ED;2854;0204;0;0;0207;1;0;1;00; ;0990;0582;0021;0103;0;DIVINOPOLIS_2;0112;1;0;1;0;0;0;0
DVLD3K21PFUS_ED;2875;0204;0;0;0232;1;0;1;10; ;0990;0582;0021;0103;0;DIVINOPOLIS_2;0110;1;0;1;0;0;0;0
DVLD3K21S21N_ED;0855;0204;0;0;0207;1;0;1;15; ;0990;0582;0021;0102;0;DIVINOPOLIS_2;0127;1;0;1;0;0;0;0
DVLD3K21S51N_ED;1554;0204;0;0;0207;1;0;1;15; ;0990;0582;0021;0102;0;DIVINOPOLIS_2;0122;1;0;1;0;0;0;0
DVLD3K21S51_ED;0911;0204;0;0;0207;1;0;1;15; ;0990;0582;0021;0102;0;DIVINOPOLIS_2;0121;1;0;1;0;0;0;0
DVLD3K21SFI_ED;2854;0204;0;0;0207;1;0;1;00; ;0990;0582;0021;0103;0;DIVINOPOLIS_2;0096;1;0;1;0;0;0;0
DVLD3K21SFUS_ED;2875;0204;0;0;0232;1;0;1;10; ;0990;0582;0021;0103;0;DIVINOPOLIS_2;0126;1;0;1;0;0;0;0
DVLD3K21VMP_ED;2873;0204;0;0;0207;1;0;1;15; ;0990;0582;0021;0102;0;DIVINOPOLIS_2;0107;1;0;1;0;0;0;0
DVLD3K21VMS_ED;2873;0204;0;0;0207;1;0;1;15; ;0990;0582;0021;0102;0;DIVINOPOLIS_2;0123;1;0;1;0;0;0;0
DVLD3K21Z1PD_ED;2855;0204;0;0;0207;1;0;1;15; ;0990;0582;0021;0102;0;DIVINOPOLIS_2;0097;1;0;1;0;0;0;0
DVLD3K21Z1PR_ED;2860;0204;0;0;0207;1;0;1;15; ;0990;0582;0021;0102;0;DIVINOPOLIS_2;0100;1;0;1;0;0;0;0
DVLD3K21Z1SD_ED;2855;0204;0;0;0207;1;0;1;15; ;0990;0582;0021;0102;0;DIVINOPOLIS_2;0113;1;0;1;0;0;0;0
DVLD3K21Z1SR_ED;2860;0204;0;0;0207;1;0;1;15; ;0990;0582;0021;0102;0;DIVINOPOLIS_2;0116;1;0;1;0;0;0;0
DVLD3K21Z2PD_ED;2856;0204;0;0;0207;1;0;1;15; ;0990;0582;0021;0102;0;DIVINOPOLIS_2;0098;1;0;1;0;0;0;0
DVLD3K21Z2PR_ED;2861;0204;0;0;0207;1;0;1;15; ;0990;0582;0021;0102;0;DIVINOPOLIS_2;0101;1;0;1;0;0;0;0
DVLD3K21Z2SD_ED;2856;0204;0;0;0207;1;0;1;15; ;0990;0582;0021;0102;0;DIVINOPOLIS_2;0114;1;0;1;0;0;0;0
DVLD3K21Z2SR_ED;2861;0204;0;0;0207;1;0;1;15; ;0990;0582;0021;0102;0;DIVINOPOLIS_2;0117;1;0;1;0;0;0;0
DVLD3K21Z3PD_ED;2857;0204;0;0;0207;1;0;1;15; ;0990;0582;0021;0102;0;DIVINOPOLIS_2;0099;1;0;1;0;0;0;0
DVLD3K21Z3PR_ED;2862;0204;0;0;0207;1;0;1;15; ;0990;0582;0021;0102;0;DIVINOPOLIS_2;0102;1;0;1;0;0;0;0
DVLD3K21Z3SD_ED;2857;0204;0;0;0207;1;0;1;15; ;0990;0582;0021;0102;0;DIVINOPOLIS_2;0115;1;0;1;0;0;0;0
DVLD3K21Z3SR_ED;2862;0204;0;0;0207;1;0;1;15; ;0990;0582;0021;0102;0;DIVINOPOLIS_2;0118;1;0;1;0;0;0;0
DVLD3K27CCA1_ED;0383;0204;0;0;0264;1;0;1;00; ;0990;0582;0021;0103;0;DIVINOPOLIS_2;0088;1;0;1;0;15;0;0
DVLD3K27CCA2_ED;0383;0204;0;0;0264;1;0;1;00; ;0990;0582;0021;0103;0;DIVINOPOLIS_2;0089;1;0;1;0;15;0;0
DVLD3K27CCF_ED;0382;0204;0;0;0264;1;0;1;00; ;0990;0582;0021;0103;0;DIVINOPOLIS_2;0090;1;0;1;0;15;0;0
DVLD3K43R_ED;0163;0213;0;0;0214;1;0;1;15; ;0990;0582;0021;0101;0;DIVINOPOLIS_2;0092;1;0;1;0;0;0;0
DVLD3K43SC_ED;0225;0222;1;0;0223;1;0;0;15; ;0990;0582;0021;0101;0;DIVINOPOLIS_2;0091;1;1;1;0;0;0;0
DVLD3K43T_ED;0227;0204;0;0;0233;1;0;1;15; ;0990;0582;0021;0101;0;DIVINOPOLIS_2;0087;1;0;1;0;0;0;0
DVLD3K4AN_ED;1438;0204;0;0;0207;1;0;1;00; ;0990;0582;0021;0103;0;DIVINOPOLIS_2;0129;1;0;1;0;0;0;0
DVLD3K4A_ED;0100;0250;0;0;0202;1;0;1;00; ;0990;0582;0021;0101;0;DIVINOPOLIS_2;0080;1;1;1;0;0;0;0
DVLD3K4DCH_ED;0506;0204;0;0;0224;1;0;1;10; ;0990;0582;0021;0103;0;DIVINOPOLIS_2;0130;1;0;1;0;15;0;0
DVLD3K4F_ED;0100;0250;0;0;0203;1;0;0;12; ;0990;0582;0021;0101;0;DIVINOPOLIS_2;0079;1;1;1;0;0;0;0
DVLD3K4MCC_ED;0426;0204;0;0;0264;1;0;1;00; ;0990;0582;0021;0103;0;DIVINOPOLIS_2;0084;1;0;1;0;15;0;0
DVLD3K50D_ED;1614;0204;0;0;0207;1;0;1;15; ;0990;0582;0021;0103;0;DIVINOPOLIS_2;0094;1;0;1;0;0;0;0
DVLD3K527CC_ED;0424;0204;0;0;0264;1;0;1;10; ;0990;0582;0021;0103;0;DIVINOPOLIS_2;0128;1;0;1;0;15;0;0
DVLD3K5A_ED;0102;0250;0;0;0202;0;0;0;15; ;0990;0582;0021;0101;0;DIVINOPOLIS_2;0082;1;1;1;0;0;0;0
DVLD3K5F_ED;0102;0250;0;0;0203;0;0;0;15; ;0990;0582;0021;0101;0;DIVINOPOLIS_2;0081;1;1;1;0;0;0;0
DVLD3K63G1MBD_ED;2984;0204;0;0;0207;1;0;1;00; ;0990;0582;0021;0103;0;DIVINOPOLIS_2;0534;1;0;1;0;0;0;0
DVLD3K63G1_ED;0174;0204;0;0;0206;1;0;1;00; ;0990;0582;0021;0103;0;DIVINOPOLIS_2;0085;1;0;1;0;0;0;0
DVLD3K63G2G3_ED;0503;0204;0;0;0207;1;1;1;00; ;0990;0582;0021;0103;0;DIVINOPOLIS_2;0086;1;0;1;0;0;0;0
DVLD3K67NIPD_ED;2868;0204;0;0;0207;1;0;1;15; ;0990;0582;0021;0102;0;DIVINOPOLIS_2;0103;1;0;1;0;0;0;0
DVLD3K67NISD_ED;2868;0204;0;0;0207;1;0;1;15; ;0990;0582;0021;0102;0;DIVINOPOLIS_2;0120;1;0;1;0;0;0;0
DVLD3K67NTPD_ED;2867;0204;0;0;0207;1;0;1;15; ;0990;0582;0021;0102;0;DIVINOPOLIS_2;0104;1;0;1;0;0;0;0
DVLD3K67NTSD_ED;2867;0204;0;0;0207;1;0;1;15; ;0990;0582;0021;0102;0;DIVINOPOLIS_2;0119;1;0;1;0;0;0;0
DVLD3K79_ED;0368;0204;0;0;0207;1;0;1;15; ;0990;0582;0021;0102;0;DIVINOPOLIS_2;0093;1;0;1;0;0;0;0
DVLD3KMCBLT_ED;0854;0202;1;0;0203;1;0;0;10; ;0990;0582;0021;0101;0;DIVINOPOLIS_2;0083;1;0;1;0;0;0;0
DVLD3KPERF1_ED;2293;0204;1;0;0419;1;0;0;15; ;0990;0582;0021;0103;0;DIVINOPOLIS_2;0095;1;0;1;0;0;0;0
DVLD43M_ED;0231;0234;1;0;0235;0;0;1;10; ;0982;0582;0021;0101;0;DIVINOPOLIS_2;0000;1;1;1;0;0;0;0
DVLD4C27_ED;0856;0204;0;0;0207;1;0;1;15; ;9702;0582;0021;0102;0;DIVINOPOLIS_2;0028;1;0;1;0;0;0;0
DVLD4C59_ED;0180;0204;0;0;0207;1;0;1;10; ;9702;0582;0021;0102;0;DIVINOPOLIS_2;0029;1;0;1;0;15;0;0
DVLD4C61F_ED;0215;0204;0;0;0232;1;0;1;10; ;9702;0582;0021;0103;0;DIVINOPOLIS_2;0035;1;0;1;0;0;0;0
DVLD4C61_ED;0215;0204;0;0;0207;1;0;1;15; ;9702;0582;0021;0102;0;DIVINOPOLIS_2;0031;1;0;1;0;0;0;0
DVLD4C86_ED;0164;0204;0;0;0207;1;0;1;10; ;9702;0582;0021;0102;0;DIVINOPOLIS_2;0030;1;0;1;0;0;0;0
DVLD4C90FI_ED;2658;0204;0;0;0207;1;0;1;00; ;9702;0582;0021;0103;0;DIVINOPOLIS_2;0036;1;0;1;0;0;0;0
DVLD4C90_ED;0134;0317;1;0;0318;1;0;0;15; ;9702;0582;0021;0102;0;DIVINOPOLIS_2;0032;1;0;1;0;0;0;0
DVLD4K21P21N_ED;0855;0204;0;0;0207;1;0;1;15; ;0991;0582;0021;0102;0;DIVINOPOLIS_2;0160;1;0;1;0;0;0;0
DVLD4K21P51_ED;0911;0204;0;0;0207;1;0;1;15; ;0991;0582;0021;0102;0;DIVINOPOLIS_2;0157;1;0;1;0;0;0;0
DVLD4K21PFI_ED;2854;0204;0;0;0207;1;0;1;00; ;0991;0582;0021;0103;0;DIVINOPOLIS_2;0161;1;0;1;0;0;0;0
DVLD4K21PFUS_ED;2875;0204;0;0;0232;1;0;1;10; ;0991;0582;0021;0103;0;DIVINOPOLIS_2;0159;1;0;1;0;0;0;0
DVLD4K21S51_ED;0911;0204;0;0;0207;1;0;1;15; ;0991;0582;0021;0102;0;DIVINOPOLIS_2;0170;1;0;1;0;0;0;0
DVLD4K21SBKP_ED;2876;0204;0;0;0207;1;0;1;15; ;0991;0582;0021;0102;0;DIVINOPOLIS_2;0173;1;0;1;0;0;0;0
DVLD4K21SFI_ED;2854;0204;0;0;0207;1;0;1;00; ;0991;0582;0021;0103;0;DIVINOPOLIS_2;0148;1;0;1;0;0;0;0
DVLD4K21SFUS_ED;2875;0204;0;0;0232;1;0;1;10; ;0991;0582;0021;0103;0;DIVINOPOLIS_2;0172;1;0;1;0;0;0;0
DVLD4K21Z1PD_ED;2855;0204;0;0;0207;1;0;1;15; ;0991;0582;0021;0102;0;DIVINOPOLIS_2;0149;1;0;1;0;0;0;0
DVLD4K21Z1PR_ED;2860;0204;0;0;0207;1;0;1;15; ;0991;0582;0021;0102;0;DIVINOPOLIS_2;0152;1;0;1;0;0;0;0
DVLD4K21Z1SD_ED;2855;0204;0;0;0207;1;0;1;15; ;0991;0582;0021;0102;0;DIVINOPOLIS_2;0162;1;0;1;0;0;0;0
DVLD4K21Z1SR_ED;2860;0204;0;0;0207;1;0;1;15; ;0991;0582;0021;0102;0;DIVINOPOLIS_2;0165;1;0;1;0;0;0;0
DVLD4K21Z2PD_ED;2856;0204;0;0;0207;1;0;1;15; ;0991;0582;0021;0102;0;DIVINOPOLIS_2;0150;1;0;1;0;0;0;0
DVLD4K21Z2PR_ED;2861;0204;0;0;0207;1;0;1;15; ;0991;0582;0021;0102;0;DIVINOPOLIS_2;0153;1;0;1;0;0;0;0
DVLD4K21Z2SD_ED;2856;0204;0;0;0207;1;0;1;15; ;0991;0582;0021;0102;0;DIVINOPOLIS_2;0163;1;0;1;0;0;0;0
DVLD4K21Z2SR_ED;2861;0204;0;0;0207;1;0;1;15; ;0991;0582;0021;0102;0;DIVINOPOLIS_2;0166;1;0;1;0;0;0;0
DVLD4K21Z3PD_ED;2857;0204;0;0;0207;1;0;1;15; ;0991;0582;0021;0102;0;DIVINOPOLIS_2;0151;1;0;1;0;0;0;0
DVLD4K21Z3PR_ED;2862;0204;0;0;0207;1;0;1;15; ;0991;0582;0021;0102;0;DIVINOPOLIS_2;0154;1;0;1;0;0;0;0
DVLD4K21Z3SD_ED;2857;0204;0;0;0207;1;0;1;15; ;0991;0582;0021;0102;0;DIVINOPOLIS_2;0164;1;0;1;0;0;0;0
DVLD4K21Z3SR_ED;2862;0204;0;0;0207;1;0;1;15; ;0991;0582;0021;0102;0;DIVINOPOLIS_2;0167;1;0;1;0;0;0;0
DVLD4K27CCA1_ED;0383;0204;0;0;0264;1;0;1;00; ;0991;0582;0021;0103;0;DIVINOPOLIS_2;0140;1;0;1;0;15;0;0
DVLD4K27CCA2_ED;0383;0204;0;0;0264;1;0;1;00; ;0991;0582;0021;0103;0;DIVINOPOLIS_2;0141;1;0;1;0;15;0;0
DVLD4K27CCF_ED;0382;0204;0;0;0264;1;0;1;00; ;0991;0582;0021;0103;0;DIVINOPOLIS_2;0142;1;0;1;0;15;0;0
DVLD4K43R_ED;0163;0213;0;0;0214;1;0;1;15; ;0991;0582;0021;0101;0;DIVINOPOLIS_2;0144;1;0;1;0;0;0;0
DVLD4K43SC_ED;0225;0222;1;0;0223;1;0;0;15; ;0991;0582;0021;0101;0;DIVINOPOLIS_2;0143;1;1;1;0;0;0;0
DVLD4K43T_ED;0227;0204;0;0;0233;1;0;1;15; ;0991;0582;0021;0101;0;DIVINOPOLIS_2;0139;1;0;1;0;0;0;0
DVLD4K4AN_ED;1438;0204;0;0;0207;1;0;1;00; ;0991;0582;0021;0103;0;DIVINOPOLIS_2;0175;1;0;1;0;0;0;0
DVLD4K4A_ED;0100;0250;0;0;0202;1;0;1;00; ;0991;0582;0021;0101;0;DIVINOPOLIS_2;0132;1;1;1;0;0;0;0
DVLD4K4DCH_ED;0506;0204;0;0;0224;1;0;1;10; ;0991;0582;0021;0103;0;DIVINOPOLIS_2;0176;1;0;1;0;15;0;0
DVLD4K4F_ED;0100;0250;0;0;0203;1;0;0;12; ;0991;0582;0021;0101;0;DIVINOPOLIS_2;0131;1;1;1;0;0;0;0
DVLD4K4MCC_ED;0426;0204;0;0;0264;1;0;1;00; ;0991;0582;0021;0103;0;DIVINOPOLIS_2;0136;1;0;1;0;15;0;0
DVLD4K50D_ED;1614;0204;0;0;0207;1;0;1;15; ;0991;0582;0021;0103;0;DIVINOPOLIS_2;0146;1;0;1;0;0;0;0
DVLD4K527CC_ED;0424;0204;0;0;0264;1;0;1;10; ;0991;0582;0021;0103;0;DIVINOPOLIS_2;0174;1;0;1;0;15;0;0
DVLD4K5A_ED;0102;0250;0;0;0202;0;0;0;15; ;0991;0582;0021;0101;0;DIVINOPOLIS_2;0134;1;1;1;0;0;0;0
DVLD4K5F_ED;0102;0250;0;0;0203;0;0;0;15; ;0991;0582;0021;0101;0;DIVINOPOLIS_2;0133;1;1;1;0;0;0;0
DVLD4K63G1MBD_ED;2984;0204;0;0;0207;1;0;1;00; ;0991;0582;0021;0103;0;DIVINOPOLIS_2;0535;1;0;1;0;0;0;0
DVLD4K63G1_ED;0174;0204;0;0;0206;1;0;1;00; ;0991;0582;0021;0103;0;DIVINOPOLIS_2;0137;1;0;1;0;0;0;0
DVLD4K63G2G3_ED;0503;0204;0;0;0207;1;1;1;00; ;0991;0582;0021;0103;0;DIVINOPOLIS_2;0138;1;0;1;0;0;0;0
DVLD4K67NIPD_ED;2868;0204;0;0;0207;1;0;1;15; ;0991;0582;0021;0102;0;DIVINOPOLIS_2;0156;1;0;1;0;0;0;0
DVLD4K67NISD_ED;2868;0204;0;0;0207;1;0;1;15; ;0991;0582;0021;0102;0;DIVINOPOLIS_2;0169;1;0;1;0;0;0;0
DVLD4K67NTPD_ED;2867;0204;0;0;0207;1;0;1;15; ;0991;0582;0021;0102;0;DIVINOPOLIS_2;0155;1;0;1;0;0;0;0
DVLD4K67NTSD_ED;2867;0204;0;0;0207;1;0;1;15; ;0991;0582;0021;0102;0;DIVINOPOLIS_2;0168;1;0;1;0;0;0;0
DVLD4K79_ED;0368;0204;0;0;0207;1;0;1;15; ;0991;0582;0021;0102;0;DIVINOPOLIS_2;0145;1;0;1;0;0;0;0
DVLD4KMCBLT_ED;0854;0202;1;0;0203;1;0;0;10; ;0991;0582;0021;0101;0;DIVINOPOLIS_2;0135;1;0;1;0;0;0;0
DVLD4KPERF1_ED;2293;0204;1;0;0419;1;0;0;15; ;0991;0582;0021;0103;0;DIVINOPOLIS_2;0147;1;0;1;0;0;0;0
DVLD5K21AZP_ED;2873;0204;0;0;0207;1;0;1;15; ;0992;0582;0021;0102;0;DIVINOPOLIS_2;0195;1;0;1;0;0;0;0
DVLD5K21AZS_ED;2873;0204;0;0;0207;1;0;1;15; ;0992;0582;0021;0102;0;DIVINOPOLIS_2;0208;1;0;1;0;0;0;0
DVLD5K21BRP_ED;2873;0204;0;0;0207;1;0;1;15; ;0992;0582;0021;0102;0;DIVINOPOLIS_2;0196;1;0;1;0;0;0;0
DVLD5K21BRS_ED;2873;0204;0;0;0207;1;0;1;15; ;0992;0582;0021;0102;0;DIVINOPOLIS_2;0209;1;0;1;0;0;0;0
DVLD5K21P21N_ED;0855;0204;0;0;0207;1;0;1;15; ;0992;0582;0021;0102;0;DIVINOPOLIS_2;0202;1;0;1;0;0;0;0
DVLD5K21P51_ED;0911;0204;0;0;0207;1;0;1;15; ;0992;0582;0021;0102;0;DIVINOPOLIS_2;0199;1;0;1;0;0;0;0
DVLD5K21PFI_ED;2854;0204;0;0;0207;1;0;1;00; ;0992;0582;0021;0103;0;DIVINOPOLIS_2;0203;1;0;1;0;0;0;0
DVLD5K21PFUS_ED;2875;0204;0;0;0232;1;0;1;10; ;0992;0582;0021;0103;0;DIVINOPOLIS_2;0201;1;0;1;0;0;0;0
DVLD5K21S21N_ED;0855;0204;0;0;0207;1;0;1;15; ;0992;0582;0021;0102;0;DIVINOPOLIS_2;0215;1;0;1;0;0;0;0
DVLD5K21S51_ED;0911;0204;0;0;0207;1;0;1;15; ;0992;0582;0021;0102;0;DIVINOPOLIS_2;0212;1;0;1;0;0;0;0
DVLD5K21SFI_ED;0838;0204;0;0;0207;1;0;1;00; ;0992;0582;0021;0103;0;DIVINOPOLIS_2;0537;1;0;1;0;0;0;0
DVLD5K21SFUS_ED;2875;0204;0;0;0232;1;0;1;10; ;0992;0582;0021;0103;0;DIVINOPOLIS_2;0536;1;0;1;0;0;0;0
DVLD5K21VMP_ED;2873;0204;0;0;0207;1;0;1;15; ;0992;0582;0021;0102;0;DIVINOPOLIS_2;0194;1;0;1;0;0;0;0
DVLD5K21VMS_ED;2873;0204;0;0;0207;1;0;1;15; ;0992;0582;0021;0102;0;DIVINOPOLIS_2;0207;1;0;1;0;0;0;0
DVLD5K21Z1PD_ED;2855;0204;0;0;0207;1;0;1;15; ;0992;0582;0021;0102;0;DIVINOPOLIS_2;0191;1;0;1;0;0;0;0
DVLD5K21Z1SD_ED;2855;0204;0;0;0207;1;0;1;15; ;0992;0582;0021;0102;0;DIVINOPOLIS_2;0204;1;0;1;0;0;0;0
DVLD5K21Z2PD_ED;2856;0204;0;0;0207;1;0;1;15; ;0992;0582;0021;0102;0;DIVINOPOLIS_2;0192;1;0;1;0;0;0;0
DVLD5K21Z2SD_ED;2856;0204;0;0;0207;1;0;1;15; ;0992;0582;0021;0102;0;DIVINOPOLIS_2;0205;1;0;1;0;0;0;0
DVLD5K21Z3PD_ED;2857;0204;0;0;0207;1;0;1;15; ;0992;0582;0021;0102;0;DIVINOPOLIS_2;0193;1;0;1;0;0;0;0
DVLD5K21Z3SD_ED;2857;0204;0;0;0207;1;0;1;15; ;0992;0582;0021;0102;0;DIVINOPOLIS_2;0206;1;0;1;0;0;0;0
DVLD5K27CCA1_ED;0383;0204;0;0;0264;1;0;1;00; ;0992;0582;0021;0103;0;DIVINOPOLIS_2;0183;1;0;1;0;15;0;0
DVLD5K27CCF_ED;0382;0204;0;0;0264;1;0;1;00; ;0992;0582;0021;0103;0;DIVINOPOLIS_2;0184;1;0;1;0;15;0;0
DVLD5K43R_ED;0163;0213;0;0;0214;1;0;1;15; ;0992;0582;0021;0101;0;DIVINOPOLIS_2;0186;1;0;1;0;0;0;0
DVLD5K43SC_ED;0225;0222;1;0;0223;1;0;0;15; ;0992;0582;0021;0101;0;DIVINOPOLIS_2;0185;1;1;1;0;0;0;0
DVLD5K43T_ED;0227;0204;0;0;0233;1;0;1;15; ;0992;0582;0021;0101;0;DIVINOPOLIS_2;0182;1;0;1;0;0;0;0
DVLD5K4A_ED;0100;0250;0;0;0202;1;0;1;00; ;0992;0582;0021;0101;0;DIVINOPOLIS_2;0178;1;1;1;0;0;0;0
DVLD5K4F_ED;0100;0250;0;0;0203;1;0;0;12; ;0992;0582;0021;0101;0;DIVINOPOLIS_2;0177;1;1;1;0;0;0;0
DVLD5K50D_ED;1614;0204;0;0;0207;1;0;1;15; ;0992;0582;0021;0103;0;DIVINOPOLIS_2;0188;1;0;1;0;0;0;0
DVLD5K527CC_ED;0424;0204;0;0;0264;1;0;1;10; ;0992;0582;0021;0103;0;DIVINOPOLIS_2;0216;1;0;1;0;15;0;0
DVLD5K5A_ED;0102;0250;0;0;0202;0;0;0;15; ;0992;0582;0021;0101;0;DIVINOPOLIS_2;0180;1;1;1;0;0;0;0
DVLD5K5F_ED;0102;0250;0;0;0203;0;0;0;15; ;0992;0582;0021;0101;0;DIVINOPOLIS_2;0179;1;1;1;0;0;0;0
DVLD5K67NIPD_ED;2868;0204;0;0;0207;1;0;1;15; ;0992;0582;0021;0102;0;DIVINOPOLIS_2;0198;1;0;1;0;0;0;0
DVLD5K67NISD_ED;2868;0204;0;0;0207;1;0;1;15; ;0992;0582;0021;0102;0;DIVINOPOLIS_2;0211;1;0;1;0;0;0;0
DVLD5K67NTPD_ED;2867;0204;0;0;0207;1;0;1;15; ;0992;0582;0021;0102;0;DIVINOPOLIS_2;0197;1;0;1;0;0;0;0
DVLD5K67NTSD_ED;2867;0204;0;0;0207;1;0;1;15; ;0992;0582;0021;0102;0;DIVINOPOLIS_2;0210;1;0;1;0;0;0;0
DVLD5K79_ED;0368;0204;0;0;0207;1;0;1;15; ;0992;0582;0021;0102;0;DIVINOPOLIS_2;0187;1;0;1;0;0;0;0
DVLD5KMCBLT_ED;0854;0202;1;0;0203;1;0;0;10; ;0992;0582;0021;0101;0;DIVINOPOLIS_2;0181;1;0;1;0;0;0;0
DVLD5KPERF1_ED;2293;0204;1;0;0419;1;0;0;15; ;0992;0582;0021;0103;0;DIVINOPOLIS_2;0189;1;0;1;0;0;0;0
DVLDCB125AG_ED;1809;0204;0;0;0207;1;0;1;00; ;0982;0582;0021;0103;0;DIVINOPOLIS_2;0002;1;0;1;0;10;0;0
DVLDCB48AG_ED;1809;0204;0;0;0207;1;0;1;00; ;0982;0582;0021;0103;0;DIVINOPOLIS_2;0003;1;0;1;0;10;0;0
DVLDCM27CC_ED;2600;0204;0;0;0264;1;0;1;00; ;0982;0582;0021;0103;0;DIVINOPOLIS_2;0004;1;0;1;0;15;0;0
DVLDGPSD_ED;2841;0204;0;0;0224;1;0;1;00; ;0982;0582;0021;0103;0;DIVINOPOLIS_2;0005;1;0;1;0;0;0;0
DVLDPORTAO_ED;0229;0227;1;0;0228;1;0;0;10; ;0982;0582;0021;0105;0;DIVINOPOLIS_2;0001;1;0;1;0;0;0;0
DVLDPORTASE_ED;0228;0226;1;0;0225;1;0;0;10; ;0982;0582;0021;0105;0;DIVINOPOLIS_2;0553;1;0;1;0;0;0;0
DVLDUTR27CC_ED;2713;0204;0;0;0264;1;0;1;00; ;0982;0582;0021;0103;0;DIVINOPOLIS_2;0556;1;0;1;0;15;0;0
DVLD202F51;3201;204;0;0;207;1;0;1;15; ;9717;583;21;1;0;DIVINOPOLIS_2;565;1;1;1;0;0;0;0
DVLD202F51N1;1310;204;0;0;207;1;0;1;15; ;9717;583;21;1;0;DIVINOPOLIS_2;558;1;1;1;0;0;0;0
DVLD202F51N2;1310;204;0;0;207;1;0;1;15; ;9717;583;21;1;0;DIVINOPOLIS_2;559;1;1;1;0;0;0;0
DVLD202F43E;206;317;0;0;318;1;0;1;0;DVLD202F4INI_CD;9717;583;21;1;0;DIVINOPOLIS_2;560;1;1;1;0;0;0;0
DVLD202FPERFP;3139;448;1;0;447;0;0;1;15; ;9717;583;21;1;1;DIVINOPOLIS_2;561;1;0;1;0;0;0;0
DVLD202FPERF1;3140;455;0;0;454;1;0;1;15; ;9717;583;21;1;0;DIVINOPOLIS_2;562;1;1;1;0;0;0;0
DVLD202FPERF2;3141;455;0;0;454;1;0;1;15; ;9717;583;21;1;0;DIVINOPOLIS_2;563;1;1;1;0;0;0;0
DVLD202FPERF3;3142;455;0;0;454;1;0;1;15; ;9717;583;21;1;0;DIVINOPOLIS_2;564;1;1;1;0;0;0;0
